678
750
44
204
273
167
990
298
158
503
490
507
392
761
452
779
591
928
905
444
460
382
72
256
515
446
524
411
27
448
494
882
264
604
347
362
722
454
967
473
365
266
446
608
936
912
841
820
331
807
988
224
688
481
534
454
397
688
191
471
39
208
890
331
152
832
572
120
528
444
44
600
605
23
291
237
587
624
907
749
321
566
651
464
908
962
984
108
244
589
356
779
277
856
61
534
354
793
800
766
550
853
519
123
313
733
668
412
177
416
343
719
94
334
432
53
512
189
898
103
249
691
1000
336
9
524
912
508
886
823
538
929
692
113
54
87
801
910
288
238
977
710
236
114
327
626
310
367
219
355
46
30
690
306
813
216
569
665
268
499
405
112
68
388
835
577
692
642
121
208
226
180
288
821
852
297
812
731
950
3
567
730
211
257
978
839
55
801
919
507
837
222
694
519
393
194
993
295
836
498
679
786
86
996
697
356
184
706
497
837
601
702
530
141
52
151
762
450
160
91
104
527
374
909
867
528
880
737
939
979
223
831
278
424
120
624
947
800
682
761
500
405
447
345
830
293
751
833
650
467
966
949
360
289
23
297
540
865
38
120
531
587
258
556
244
359
283
176
783
855
385
603
942
222
569
978
850
684
143
535
873
417
691
58
543
80
432
821
462
311
609
982
756
998
219
6
180
524
752
945
813
303
742
204
331
608
853
553
629
898
68
181
306
831
136
660
965
990
357
86
397
955
713
290
128
106
258
319
409
961
831
313
360
164
392
400
632
274
566
561
491
703
26
910
107
46
700
398
614
889
708
483
892
513
714
390
797
768
508
70
89
343
12
718
360
773
57
115
361
352
744
924
633
276
189
222
315
51
941
7
161
694
671
94
551
729
666
56
560
263
849
61
309
52
247
281
893
472
687
289
174
706
319
294
258
561
24
418
191
579
430
186
403
315
175
584
452
343
585
790
297
334
857
563
505
782
785
371
950
134
769
222
268
384
250
517
229
333
934
971
150
723
632
898
754
759
257
725
683
661
441
429
138
25
131
24
993
16
237
722
91
809
654
764
189
405
873
929
922
323
411
207
729
424
151
122
702
798
545
354
714
673
480
858
851
156
247
472
948
376
667
482
151
62
517
633
955
996
439
555
183
428
197
453
792
47
745
755
538
612
343
235
136
65
848
691
392
790
950
820
642
478
992
391
691
803
324
214
640
707
224
16
658
229
783
101
286
823
163
388
302
531
772
839
606
593
802
981
987
740
345
475
11
949
870
843
544
187
898
282
72
789
635
445
877
388
369
43
609
568
401
665
388
874
363
87
157
564
733
627
313
975
813
152
926
603
270
65
593
420
492
353
998
922
618
689
575
437
33
31
98
7
791
691
595
599
632
756
859
980
178
867
993
680
82
438
130
359
533
300
128
726
786
588
249
75
8
883
921
725
695
61
4
75
422
5
845
185
668
678
287
5
192
581
286
477
574
354
802
815
386
909
675
699
989
724
931
148
682
750
40
10
23
660
870
416
578
759
835
827
110
234
142
227
140
631
514
198
502
654
855
715
389
926
25
518
739
9
841
95
993
1
569
853
55
116
505
29
714
62
337
582
186
279
307
934
192
316
629
695
701
645
505
357
187
350
65
988
570
176
874
88
102
425
227
92
934
773
72
688
256
407
139
94
666
48
832
885
495
743
526
845
47
17
697
210
494
726
339
444
326
833
124
122
993
44
243
743
465
82
737
317
740
3
59
667
960
12
544
970
342
887
634
791
756
11
886
149
26
433
850
417
869
796
474
899
471
762
456
815
151
864
520
765
751
52
450
724
14
826
710
994
76
205
165
773
158
193
315
469
119
567
536
243
964
151
52
797
773
732
632
574
95
863
117
922
716
574
88
252
73
610
905
492
914
867
269
294
465
713
380
757
366
490
194
700
420
136
483
508
368
933
712
766
253
464
640
279
56
575
583
281
838
499
247
355
153
471
897
218
917
788
394
983
452
287
335
39
157
706
184
93
471
532
267
717
315
154
206
207
340
784
824
173
764
190
765
506
746
877
700
923
724
731
30
713
389
468
579
984
186
849
332
868
252
39
92
536
907
353
341
59
451
490
632
81
879
443
473
974
277
324
329
929
827
80
79
57
30
970
815
770
218
38
959
220
476
996
710
353
956
128
520
826
69
302
481
118
454
678
303
442
825
808
132
258
218
760
720
926
781
714
308
418
736
604
443
339
151
801
138
658
239
745
739
476
866
750
883
495
564
493
154
253
785
494
590
87
759
756
543
776
880
342
202
127
617
243
451
246
246
608
65
280
705
668
287
897
441
395
719
868
969
237
229
517
886
335
263
868
459
183
479
441
595
915
134
699
495
867
144
64
232
854
953
519
767
714
601
786
906
202
506
340
761
984
203
725
152
403
473
845
317
552
676
524
982
202
153
16
66
954
612
720
675
942
569
463
322
65
778
617
663
844
479
209
934
578
781
117
318
173
69
726
35
68
695
118
340
112
511
756
364
198
130
448
810
576
443
10
195
170
176
308
166
917
199
948
58
671
462
945
810
684
494
742
453
69
715
317
18
38
412
517
803
144
582
186
184
266
622
307
735
269
336
641
162
80
305
32
137
819
768
271
452
581
249
350
9
331
419
262
821
499
328
212
825
81
589
280
15
144
431
154
939
948
923
814
693
331
264
817
434
698
99
111
200
60
528
951
386
135
408
466
965
617
465
820
628
830
933
609
400
121
127
182
534
767
342
890
930
296
152
737
930
18
168
886
422
571
38
931
703
8
805
800
257
378
832
759
601
905
153
989
527
213
850
22
346
722
944
89
687
124
563
923
941
846
213
574
395
496
933
703
527
133
150
36
517
822
295
250
77
631
682
628
297
382
741
138
132
944
744
968
753
263
253
83
150
388
667
31
164
637
673
268
123
613
761
420
325
967
651
995
856
556
832
438
955
398
318
701
61
451
70
831
562
374
198
311
213
254
428
521
354
725
668
805
940
41
484
651
993
286
189
100
107
353
605
366
47
517
164
960
825
416
9
931
220
585
124
673
761
514
209
514
954
781
189
7
219
321
969
242
923
635
36
339
169
212
223
552
291
42
802
648
762
482
617
800
53
325
725
696
377
462
916
460
777
9
169
943
92
337
459
891
890
58
614
491
849
922
128
21
488
51
635
480
934
73
931
893
92
128
695
48
578
319
318
183
784
244
348
17
71
680
340
387
900
328
927
112
934
503
656
994
187
712
230
704
1
91
993
416
910
674
496
671
641
435
472
886
52
781
528
741
498
876
147
919
228
618
446
578
42
667
922
792
754
70
977
734
164
455
960
512
212
712
176
508
681
759
707
164
315
747
667
83
785
101
464
53
606
968
824
693
446
618
591
219
780
520
757
727
769
349
239
884
997
203
476
352
737
100
607
92
805
852
393
943
942
348
19
656
124
535
35
431
973
385
815
122
692
11
333
812
715
291
872
316
1
878
766
19
31
181
91
478
27
397
240
17
597
264
63
280
658
379
555
627
541
471
951
126
593
170
865
288
337
646
797
604
381
462
977
796
8
416
737
844
447
452
587
396
278
762
938
323
606
751
754
743
284
977
773
27
436
599
850
227
106
796
81
715
966
961
623
295
210
233
291
658
754
97
865
991
763
362
850
730
209
344
311
967
749
118
612
433
236
334
360
538
773
932
306
500
706
495
132
561
194
304
264
822
194
920
640
5
584
554
241
195
835
267
687
910
765
996
139
24
662
724
9
942
151
285
400
641
137
473
924
47
178
293
475
989
270
566
940
360
725
189
256
911
403
973
769
354
487
319
12
761
472
461
685
438
61
67
459
460
374
719
660
817
948
174
393
607
207
937
719
417
263
513
976
935
825
463
830
231
412
901
225
825
734
567
437
728
704
0
429
178
288
861
409
962
81
821
119
307
259
500
399
426
403
118
444
490
746
135
178
909
103
901
637
734
236
750
450
841
631
6
53
657
23
655
886
955
529
921
437
858
562
757
14
509
658
126
431
620
790
353
363
107
833
689
544
672
818
205
164
293
883
861
541
174
620
199
736
899
368
378
891
933
78
407
688
113
206
86
872
945
810
839
262
355
784
778
831
552
409
224
945
850
404
790
460
44
775
542
452
47
577
877
791
573
884
201
43
472
6
220
501
334
578
497
434
607
305
507
826
400
812
843
783
816
739
189
136
839
611
248
933
381
980
540
561
283
844
415
342
735
738
462
87
457
948
196
449
585
941
260
604
339
118
811
527
522
845
328
932
800
147
388
632
237
150
800
413
906
987
667
94
211
273
752
606
392
589
965
350
208
778
306
921
437
674
771
336
31
40
157
547
568
124
581
431
264
553
237
820
723
853
130
613
783
318
345
726
228
113
849
253
185
763
99
20
737
444
746
772
941
535
29
44
515
29
572
741
254
616
985
228
785
557
806
532
62
192
896
659
223
344
396
723
160
289
887
43
172
908
172
508
997
363
230
559
511
786
308
144
102
815
673
662
186
490
293
738
720
901
768
698
548
835
21
974
794
781
903