217
943
885
947
559
176
520
825
711
174
774
363
991
331
169
133
171
289
716
147
369
115
650
669
597
543
6
682
725
620
118
325
87
402
981
90
554
622
846
351
266
127
51
137
397
83
749
223
846
598
573
559
353
275
618
141
943
878
721
575
651
714
722
110
304
264
438
905
280
627
87
39
665
15
434
375
913
157
897
306
472
879
969
551
927
632
665
548
962
32
115
684
782
547
955
417
261
29
766
402
180
758
924
780
426
244
353
964
374
217
9
830
338
313
238
202
724
556
296
602
997
779
348
343
884
311
56
931
309
538
833
697
68
823
972
790
141
206
534
972
817
63
233
180
643
73
44
941
615
806
401
918
484
467
482
67
830
173
827
876
959
845
625
901
826
543
863
897
229
970
33
228
771
141
758
97
924
268
734
965
959
163
698
465
358
94
169
391
811
965
881
780
916
524
438
760
738
535
650
42
683
341
845
774
181
759
660
738
579
45
986
471
510
174
7
995
2
953
458
83
341
256
765
793
136
523
924
379
103
684
658
991
97
738
237
868
278
756
929
526
978
282
361
613
65
98
148
346
396
512
523
384
949
784
397
806
38
440
356
613
141
879
701
823
51
393
885
130
42
207
728
663
25
603
475
673
788
433
198
458
619
654
770
47
57
377
149
868
519
861
723
305
174
470
777
834
189
484
24
745
949
589
228
155
912
999
482
621
342
485
605
686
127
808
14
370
516
347
789
185
787
396
194
676
931
124
291
450
727
947
199
312
121
652
535
644
374
377
31
358
170
513
887
333
220
43
277
940
690
80
227
26
331
335
983
411
155
494
242
718
591
752
594
692
148
438
662
822
434
173
694
605
882
489
599
5
55
749
990
646
764
944
152
603
720
474
358
607
990
121
409
453
338
832
641
726
243
382
50
598
240
448
468
864
651
185
801
782
317
222
606
810
329
40
397
394
951
701
920
59
679
810
552
100
540
158
374
177
955
76
848
10
78
244
479
798
837
641
621
193
398
627
458
871
82
776
795
790
784
301
828
780
872
157
60
965
955
664
344
717
311
850
794
278
384
817
356
588
277
533
725
415
136
410
786
517
676
709
288
48
691
382
83
376
29
160
60
274
993
758
733
481
457
61
462
688
732
272
338
598
614
862
599
661
430
379
882
378
892
955
12
919
208
404
626
531
963
550
571
813
21
225
724
777
808
558
554
96
367
904
726
253
125
386
77
586
615
3
583
851
693
283
207
806
164
672
214
908
250
34
573
10
486
593
875
583
707
566
173
919
997
283
423
80
617
796
191
719
719
186
31
17
505
93
8
378
526
374
798
907
183
414
522
419
874
705
267
903
376
595
857
579
80
130
971
931
722
669
892
350
818
891
943
593
792
372
1000
597
171
423
850
895
460
313
57
385
157
399
473
908
653
14
655
930
388
567
211
125
327
881
288
227
902
468
556
227
702
288
158
845
580
317
232
29
548
438
63
945
708
158
386
623
309
574
674
363
588
202
445
460
468
336
205
37
139
772
197
561
461
721
282
183
676
66
63
332
368
812
426
679
176
455
171
164
521
590
333
157
145
721
340
586
934
528
226
475
246
141
18
779
881
257
952
795
18
337
354
124
661
241
370
3
268
43
582
415
646
506
260
611
246
318
960
626
185
109
661
538
754
634
769
862
490
789
340
429
653
953
61
341
566
521
830
969
11
441
219
644
136
919
79
132
889
658
672
505
646
867
28
753
396
970
914
960
803
253
53
779
897
917
683
992
204
778
845
377
125
823
531
33
680
894
80
942
285
402
780
183
848
177
330
524
259
738
396
545
654
198
118
786
734
90
575
223
19
52
632
864
428
935
659
660
155
420
604
591
302
383
874
929
823
881
808
158
135
361
849
885
628
386
130
125
89
882
129
890
386
564
88
222
876
88
372
42
826
675
27
340
835
314
959
265
777
658
207
328
677
903
426
685
93
484
200
913
556
759
761
342
42
680
994
427
747
128
158
808
596
933
9
720
510
395
592
477
194
842
787
707
612
90
537
65
411
166
846
199
928
978
502
331
862
912
269
362
772
706
924
774
607
861
637
400
214
371
722
790
654
443
556
984
591
661
715
965
478
618
191
581
933
97
201
916
816
343
15
247
26
375
384
30
0
837
843
684
958
806
345
27
70
600
136
971
442
306
364
770
73
282
568
729
18
613
211
937
457
52
912
474
936
767
14
546
8
348
867
244
320
196
792
289
994
831
417
588
906
739
343
321
641
659
614
818
969
346
760
240
325
209
564
74
98
634
503
654
865
793
638
559
569
596
282
458
514
448
815
919
822
373
454
856
748
662
822
383
49
138
548
800
557
460
505
149
595
906
890
328
622
538
125
160
174
533
634
484
88
715
346
295
964
525
102
567
474
873
433
113
47
514
45
790
150
829
478
107
893
719
422
151
91
716
932
250
682
377
288
468
382
667
503
992
334
405
910
248
236
87
253
150
189
946
176
749
70
350
655
417
36
412
510
203
47
171
8
834
260
947
542
164
268
507
493
233
665
666
135
599
345
574
317
273
583
995
107
216
990
45
16
961
102
439
291
302
313
27
127
366
581
402
803
177
353
940
893
642
136
9
47
565
858
418
338
616
647
613
293
127
912
97
511
359
897
996
507
690
435
613
140
253
83
731
685
953
495
714
414
360
199
156
238
680
85
229
818
415
41
400
659
283
848
214
652
17
206
643
116
217
423
214
482
474
435
883
174
717
12
581
178
918
550
635
506
294
291
113
480
738
779
961
797
86
84
825
555
421
533
317
659
441
493
141
417
580
841
125
437
271
563
524
164
128
515
818
436
47
670
747
651
336
96
328
877
261
319
25
345
482
716
882
141
849
734
753
423
770
169
921
7
1000
492
210
763
127
608
990
763
18
834
552
652
758
663
605
501
492
260
428
315
259
116
27
671
168
366
273
183
197
245
143
875
467
663
758
708
554
695
21
639
702
123
223
145
160
904
670
92
949
416
332
330
592
728
409
39
32
119
341
309
973
146
694
642
150
646
862
372
636
476
975
777
777
221
447
247
73
653
134
723
814
550
453
797
675
218
597
769
151
441
170
826
44
143
714
456
445
337
952
770
819
787
570
297
181
11
204
33
380
425
902
128
0
863
891
840
509
117
744
738
854
155
193
901
468
579
721
982
943
833
533
137
590
632
684
689
577
678
751
855
989
50
741
165
96
921
353
525
636
623
918
820
199
656
64
546
563
391
632
577
401
157
549
392
656
629
909
674
539
856
455
212
106
237
506
745
335
767
92
353
614
147
858
14
901
219
313
690
27
81
196
907
269
652
73
832
195
83
501
359
420
500
608
273
722
881
961
90
779
417
432
434
924
106
957
284
970
207
353
338
824
653
554
38
591
112
396
185
492
596
194
762
147
570
990
753
864
715
595
41
59
261
492
21
226
188
753
730
262
683
186
430
33
690
167
351
68
163
502
910
486
909
229
68
97
465
968
904
214
63
109
263
815
52
661
855
181
562
327
378
449
706
204
348
873
11
762
406
938
247
155
57
338
598
134
278
921
232
365
459
145
969
93
564
145
656
338
41
359
302
793
328
769
266
52
107
909
490
979
603
127
690
165
202
530
554
575
876
451
825
807
869
320
358
617
871
517
811
32
628
262
83
653
349
426
196
80
151
716
71
89
185
681
181
201
695
149
965
113
520
537
10
200
520
988
545
919
897
406
67
952
409
621
215
690
759
565
565
438
794
773
383
205
707
459
425
751
961
582
617
191
831
664
756
529
696
799
825
505
950
541
481
344
962
374
775
508
758
729
978
629
677
720
218
612
250
750
986
193
60
236
651
953
418
337
283
715
534
142
571
261
9
836
807
694
647
844
349
488
172
257
216
686
961
997
368
367
114
121
699
60
455
703
383
214
845
717
767
502
251
589
228
341
376
187
596
211
513
875
162
63
834
747
789
190
454
859
118
905
170
42
442
726
406
144
864
34
906
634
386
619
355
638
514
710
333
911
793
165
995
152
861
388
119
642
363
197
666
241
307
359
478
926
12
448
859
968
470
302
379
872
599
450
600
592
785
896
56
88
300
84
134
825
336
164
620
150
765
659
509
472
529
355
465
98
121
594
152
150
526
960
772
626
578
271
483
939
977
905
457
559
283
976
397
395
86
401
810
729
440
711
716
129
343
271
440
593
939
633
567
305
828
993
554
660
995
853
148
859
164
128
937
486
14
417
847
722
358
976
197
320
684
597
800
251
670
577
748
603
643
401
620
452
743
322
144
913
961
62
283
764
58
450
829
756
358
295
27
3
439
986
832
904
682
139
42
610
685
114
399
248
832
675
508
864
67
167
219
586
248
359
517
468
602
451
103
775
151
835
784
850
192
993
103
609
767
840
650
823
739
792
831
669
282
336
415
145
12
130
415
151
518
436
40
737
213
968
902
525
405
641
283
975
536
334
867
933
998
293
201
772
137
109
867
479
209
725
870
72
293
652
775
80
167
129
357
25
737
624
136
936
360
58
982
583
872
940
797
23
907
205
810
836
368
207
397
71
402
127
796
770
804
47
807
750
486
36
75
934
739
574
927
219
758
895
257
157
551
59
976
176
420
370
590
425
481
345
874
608
975
233
339
366
204
863
317
349
917
386
482
377
659
990
845
307
218
793
730
250
240
106
659
646
60
160
942
352
100
729
832
553
561
414
219
224
442
231
520
807
34
138
959
134
23
163
862
665
182
641
619
147
494
169
753
809
897
563
70
800
694
14
958
145
602
771
410
100
627
762
303
86
764
993
424
836
629
822
558
435
631
515
878
946
716
548
38
78
270
322
632
402
807
520
741
450
170
126
975
461
515
834
260
891
891
54
949
667
396
867
70
906
136
677
779
156
395
185
352
376
448
852
864
424
213
664
878
275
21
817
722
482
689
244
812
710
524
801
489
78
537
348
788
802
242
402
322
934
505
602
292
355
449
964
286
295
244
989
715
12
365
140
984
757
537
570
639
842
767
750
588
132
226
107
236
662
757
408
3
445
787
301
115
324
680
230
271
39
419
633
87
756
307
132
135
823
878
770
636
934
539
60
613
470
896
506
623
120
407
260
956
437
598
311
198
579
341
657
174
194
963
223
160
923
259
608
237
1
646
261
324
90
753
469
460
660
269
23
749
546
285
384
239
790
410
266
521
144
226
856
88
894
709
258
958
615
270
58
602
35
450
205
294
43
336
495
268
21
794
355
918
319
532
825
302
163
645
913
700
927
942
366
492
125
471
545
261
283
994
287
885
280
476
600
510
309
367
0
378
395
852
294
196
927
303
961
520
238
4
816
386
849
114
202
385
843
172
668
198
579
556
697
858
133
614
37
540
612
994
819
34
943
652
841
843
103
735
313
536
244
744
914
523
752
939
206
583
918
575
241
671
633
536
768
272
572
163
721
833
386
425
654
35
797
491
670
391
235
551
907
657
279
4
782
996
107
422
315
775
306
851
587
443
849
555
335
941
654
442
996
381
108
52
683
826
168
609
646
488
134
427
368
95
704
269
887
450
369
821
686
315
720
635
833
264
832
810
827
765
708
44
578
520
779
639
100
982
128
218
845
668
513
975
450
376
74
446
975
678
30
104
128
615
615
56
376
357
58
635
6
312
464
466
226
523
805
516
271
96
407
64
995
752
41
134
43
839
595
672
899
648
16
619
637
275
57
69
131
509
191
595
927
601
198
263
130
207
401
559
557
667
557
438
749
947
47
1000
843
830
906
776
596
703
538
121
90
585
437
939
256
11
761
63
490
468
143
685
371
233
401
790
278
306
146
380
15
178
836
550
501
137
269
996
213
559
931
788
654
565
378
349
674
967
274
414
284
561
853
438
897
770
155
704
651
236
115
969
559
494
172
890
794
572
453
836
859
783
12
911
273
412
264
16
238
101
260
867
855
685
692
14
860
407
210
94
963
455
204
613
642
679
406
897
965
86
845
281
236
920
941
892
721
554
44
441
728
817
517
827
180
906
379
18
896
608
282
467
69
827
387
409
418
716
49
3
694
491
793
416
606
609
99
951
632
490
985
183
215
176
204
606
709
705
586
676
450
851
408
451
85
676
876
213
109
13
629
714
672
947
994
261
619
438
261
440
395
909
156
503
841
403
736
982
929
689
799
823
802
750
33
626
527
79
572
235
312
345
320
95
562
642
712
726
315
598
133
764
38
151
929
152
85
688
165
405
715
331
636
579
461
795
382
759
571
303
365
996
993
60
957
573
220
23
409
425
743
505
718
883
699
834
87
315
67
810
729
543
776
349
284
539
499
121
601
43
351
143
206
53
798
368
81
43
152
316
607
177
556
655
636
982
186
67
18
510
753
149
873
632
233
662
238
714
627
289
173
946
545
940
204
109
85
779
813
347
533
734
757
344
574
992
76
841
213
907
676
323
901
230
841
590
553
580
240
723
926
918
460
653
589
40
760
599
830
742
95
272
609
724
421
307
344
451
627
587
613
174
27
365
51
711
167
201
20
801
374
771
556
326
282
692
879
42
299
836
733
44
219
745
502
125
558
5
669
540
952
760
22
400
553
280
270
504
948
483
835
197
499
66
646
721
278
577
840
219
803
652
996
482
994
366
772
122
707
952
576
823
456
342
654
312
401
172
347
119
608
0
435
363
481
428
246
719
949
488
634
410
655
453
61
671
901
658
600
490
73
414
621
449
558
460
933
314
180
439
776
533
138
259
73
862
64
426
118
518
304
886
865
669
353
676
570
447
715
840
697
157
985
558
510
374
458
56
181
195
915
445
351
767
821
171
365
590
26
143
369
218
932
890
421
431
662
564
202
33
713
74
80
559
977
146
414
914
951
408
17
63
428
646
453
727
715
289
465
199
434
204
715
214
226
827
746
935
752
917
355
525
29
710
324
667
488
388
259
496
517
334
518
66
842
861
666
613
244
487
180
859
780
755
713
556
796
320
846
780
607
510
807
313
668
463
458
649
642
400
612
188
299
22
16
699
150
55
569
115
296
49
825
812
142
188
110
444
145
727
712
954
741
461
424
70
173
193
307
57
752
428
132
350
812
300
942
446
736
251
745
149
732
15
744
686
257
249
644
24
653
877
668
913
989
505
86
88
635
277
388
580
25
930
501
580
883
375
151
352
840
110
191
427
468
413
272
258
881
214
165
212
851
907
969
344
258
933
251
497
207
994
776
268
535
952
190
791
361
909
988
263
430
782
101
292
870
838
677
105
764
370
73
407
530
210
87
185
502
122
947
27
280
529
681
252
359
448
528
594
355
595
152
276
264
48
956
431
987
330
811
578
787
594
348
418
639
269
417
61
267
369
230
216
880
476
155
1000
889
441
829
363
274
197
601
719
752
525
961
895
981
50
895
822
974
135
85
639
354
254
19
161
696
340
178
550
617
479
30
738
442
907
333
965
387
856
618
92
818
256
585
988
690
642
182
865
303
572
45
390
929
53
706
672
286
117
325
392
172
660
921
747
225
461
562
870
183
791
816
112
841
575
73
208
132
390
616
150
294
470
109
283
364
427
789
215
238
560
292
255
947
141
218
304
312
269
436
809
232
601
931
99
727
479
430
813
995
347
606
513
581
715
832
300
874
892
448
477
178
968
661
383
246
774
457
349
160
101
954
579
335
958
235
24
948
51
979
344
650
497
696
566
488
206
486
799
106
94
606
279
684
849
829
919
386
530
54
788
412
646
157
316
794
313
74
537
152
395
294
121
738
491
44
795
997
262
610
725
581
632
990
908
997
543
698
338
801
933
97
944
103
406
496
998
916
910
0
542
464
669
273
912
463
533
384
270
901
337
308
794
239
673
348
554
962
627
155
508
502
813
928
534
114
642
100
904
959
632
23
355
915
589
525
809
872
0
480
937
282
619
579
595
785
0
139
303
636
46
965
254
612
445
983
957
277
173
95
944
496
877
329
777
126
454
429
194
969
585
398
683
491
750
29
783
389
941
936
905
45
546
707
157
914
920
244
196
312
671
157
709
389
155
9
142
429
940
496
263
123
906
253
410
402
778
776
875
237
810
699
147
433
980
444
141
827
346
253
470
881
721
552
665
454
856
530
377
221
30
290
723
964
966
144
455
265
249
391
444
51
494
829
425
110
68
759
843
254
205
80
626
93
690
137
523
91
66
182
637
708
967
465
304
351
330
366
779
767
658
23
144
371
639
615
486
119
309
665
697
480
707
89
4
228
763
9
406
85
873
290
564
922
583
803
351
184
528
806
716
877
407
183
748
304
677
344
117
483
587
737
259
354
859
595
972
511
282
205
197
148
495
6
943
652
483
971
853
302
768
202
633
534
723
944
452
762
31
22
114
84
303
366
136
816
305
64
612
382
17
134
270
65
987
9
481
2
630
586
103
140
424
319
228
265
111
728
217
468
473
402
851
849
828
835
709
167
58
982
625
58
573
834
933
877
966
731
756
689
885
837
780
861
234
371
472
923
243
430
56
999
446
702
4
90
988
474
237
160
837
750
177
790
275
427
85
861
777
110
855
639
896
978
773
939
903
392
88
958
988
690
770
976
517
966
797
254
588
331
753
109
595
177
348
395
562
460
483
961
130
634
734
79
226
826
226
354
499
70
980
740
66
584
421
651
226
24
781
267
791
117
87
341
512
666
102
110
252
736
53
868
449
999
641
403
72
207
106
670
414
871
654
434
577
811
358
456
544
800
508
372
754
600
549
551
737
939
820
256
682
525
896
604
418
681
825
128
413
964
524
984
893
255
102
984
55
595
446
394
71
518
674
924
898
526
756
818
186
176
699
943
50
476
92
884
323
805
43
523
889
833
769
304
0
738
670
851
354
568
501
883
942
388
550
547
478
82
837
489
541
486
369
308
146
257
295
177
3
315
24
889
601
269
291
398
917
701
175
625
606
427
959
998
722
989
289
489
127
62
21
805
779
43
755
713
147
946
322
994
563
438
876
618
794
319
465
304
929
329
401
709
680
273
677
513
696
830
556
468
60
9
188
785
18
0
810
79
954
388
571
774
624
902
430
58
765
511
766
982
36
903
954
14
835
616
986
992
508
268
204
744
746
213
63
20
678
14
8
389
73
468
529
471
729
8
593
348
200
799
296
378
839
660
369
346
870
719
189
122
90
270
32
584
363
548
619
324
743
261
274
216
326
585
230
674
301
996
959
605
986
769
335
84
695
727
129
342
769
768
229
330
860
913
295
687
834
773
303
165
191
571
803
25
324
519
771
628
911
726
903
993
785
110
760
919
313
932
770
834
104
545
533
199
819
922
721
911
718
248
537
425
493
759
50
235
335
824
913
663
874
532
582
828
245
956
391
286
124
490
655
784
569
535
739
166
199
66
119
503
294
118
234
254
803
356
874
100
926
564
904
564
952
679
478
151
473
60
924
345
621
478
483
556
734
456
26
986
7
480
853
938
130
517
976
725
259
424
597
993
369
549
475
37
102
223
408
644
65
269
209
804
110
610
407
995
62
389
414
657
49
979
90
812
346
313
786
203
974
498
196
103
866
796
866
810
483
862
678
368
396
385
268
933
567
477
406
630
883
992
838
173
768
273
634
468
948
109
494
792
109
505
443
410
220
358
556
600
573
566
197
588
749
219
33
64
218
129
653
745
281
533
891
871
141
528
865
972
447
437
777
100
334
162
572
769
17
30
104
880
527
638
932
75
837
943
142
211
181
207
965
792
692
411
923
267
343
414
51
109
29
204
177
636
675
816
137
959
920
395
679
973
145
936
407
47
19
603
625
857
844
267
678
367
9
171
563
809
70
6
801
577
691
671
620
170
582
195
576
504
546
558
41
671
904
6
901
58
564
552
957
599
401
793
48
332
376
483
632
38
667
778
51
983
662
122
955
569
978
312
683
345
607
294
591
384
614
818
252
345
596
441
447
144
256
441
50
669
496
122
213
109
214
12
125
666
977
810
554
427
848
270
983
242
77
993
994
712
807
880
452
938
522
444
260
243
97
930
915
650
452
571
364
892
891
128
635
386
980
989
771
858
289
519
155
234
515
312
875
407
869
202
711
252
834
136
417
494
961
77
503
532
256
547
353
93
426
986
857
421
407
20
657
655
846
675
907
277
321
373
663
468
157
282
414
535
540
94
570
263
219
556
158
108
633
15
664
602
26
983
589
473
838
349
764
825
754
652
956
960
565
666
812
694
215
142
654
62
600
756
990
20
25
757
289
110
867
500
42
521
262
95
411
769
357
75
485
784
492
270
751
524
591
428
928
666
361
482
442
545
988
721
68
474
195
356
845
350
923
467
257
907
612
484
437
510
177
24
357
457
338
467
304
119
326
383
149
718
113
191
84
124
664
563
714
103
768
242
52
397
691
278
293
940
374
193
535
53
824
368
706
964
323
27
788
963
392
329
433
630
292
601
184
759
174
81
126
482
285
231
660
88
471
876
137
754
906
681
987
458
507
45
249
233
793
705
513
619
314
830
782
545
236
711
427
824
316
96
801
828
387
169
401
568
926
913
771
252
602
927
246
225
441
662
240
930
179
614
901
519
27
754
524
365
215
681
266
720
894
708
937
382
458
450
657
498
417
862
721
773
867
527
608
452
955
41
4
815
367
420
965
169
321
291
344
885
284
964
617
357
751
956
319
844
169
540
968
20
668
86
378
151
760
769
501
986
16
683
620
928
941
4
565
264
663
961
875
82
754
688
901
867
502
644
958
878
148
40
456
998
528
902
784
787
627
1000
857
231
33
390
619
289
884
677
778
268
310
330
417
928
109
323
311
169
778
376
847
6
334
815
783
782
640
293
551
980
59
476
469
361
79
900
804
38
198
777
51
932
999
14
214
976
652
161
550
671
554
726
153
488
89
161
744
996
169
480
474
223
755
60
898
646
57
344
385
781
761
164
325
325
34
903
129
98
464
539
363
219
664
465
490
140
15
3
549
29
98
309
642
247
760
177
600
533
806
192
897
78
945
496
726
384
30
189
522
43
351
652
929
206
119
744
985
48
211
577
535
502
800
714
466
804
302
177
709
912
187
487
679
154
177
467
820
873
688
88
624
773
411
937
90
721
957
386
287
146
587
733
149
234
869
575
728
90
364
140
804
815
979
370
244
222
244
699
304
658
354
923
844
834
580
659
994
181
347
16
421
568
497
422
982
550
1
801
206
45
989
227
672
224
291
931
462
374
558
776
412
318
332
323
502
207
230
41
146
302
486
519
361
872
398
619
641
129
62
284
712
732
604
674
880
537
896
460
77
592
904
202
855
475
919
213
779
235
363
515
209
239
115
38
381
929
718
332
266
707
502
785
636
974
358
197
400
159
813
607
278
19
397
506
755
674
266
415
363
22
277
180
484
512
313
737
853
254
980
202
466
251
240
573
518
429
809
36
859
663
39
282
966
434
61
495
975
660
559
150
322
40
923
11
973
690
712
974
465
38
15
79
625
739
817
569
458
745
95
255
24
489
28
917
569
557
207
622
544
58
609
585
642
883
27
471
649
553
521
825
286
137
534
306
179
403
39
305
783
137
205
294
409
359
875
368
630
906
737
669
533
469
413
985
937
264
950
917
324
393
173
502
113
18
836
189
196
146
612
680
16
861
893
681
311
657
555
387
110
174
369
654
814
358
166
127
480
905
777
400
390
689
378
810
99
287
333
944
209
409
420
159
899
384
779
413
778
648
640
557
952
919
50
98
557
62
604
547
96
246
937
888
692
144
350
972
441
686
530
86
934
70
303
542
998
722
827
542
594
914
890
76
469
474
781
870
726
659
663
796
707
120
204
481
735
119
866
875
830
363
975
46
987
219
376
793
930
326
831
664
485
4
354
760
206
938
797
355
815
19
23
29
901
846
203
223
300
299
559
885
353
985
309
21
675
713
63
934
142
694
586
221
557
244
984
653
707
317
287
527
151
365
837
192
909
735
342
48
741
88
19
219
449
417
985
22
688
937
697
315
216
47
748
913
233
984
426
394
798
28
328
854
433
17
639
814
844
860
588
165
752
103
385
153
924
639
21
878
457
631
245
591
452
912
797
548
491
768
229
935
91
613
554
337
499
981
651
751
994
438
842
787
915
523
310
725
188
674
881
987
739
239
450
13
483
11
40
838
555
653
14
74
666
344
891
911
736
119
586
82
654
922
951
818
93
592
255
118
777
348
167
441
930
95
649
313
652
104
784
810
88
573
189
228
870
483
147
417
311
566
815
743
275
572
935
367
661
65
412
944
530
347
113
934
127
917
295
412
547
353
70
826
310
705
507
187
876
825
959
296
974
943
208
276
182
271
120
47
678
84
137
820
475
819
858
898
208
870
234
914
890
865
475
515
634
171
959
520
487
724
356
836
738
668
620
299
23
942
984
54
831
394
411
520
211
606
884
261
257
229
546
317
124
842
216
672
454
323
52
224
886
101
850
293
781
775
1
827
92
544
388
468
887
355
350
399
805
994
42
927
508
860
566
315
358
74
110
991
387
929
477
125
382
318
272
648
434
266
361
447
234
249
720
768
701
111
911
935
575
997
903
897
526
200
18
131
868
588
794
443
399
266
437
619
373
302
678
441
658
495
850
332
115
677
193
311
104
889
243
244
647
797
712
888
672
422
152
74
128
289
885
853
642
850
999
507
783
138
176
170
148
17
964
19
368
882
500
585
285
7
927
510
672
428
529
898
269
461
868
841
840
869
143
462
764
528
597
400
500
73
829
702
199
832
651
459
588
779
648
2
883
36
93
239
259
247
372
662
950
943
931
109
821
636
538
377
481
234
79
547
146
49
264
12
814
930
103
710
806
662
200
302
501
77
424
852
992
738
651
204
823
133
579
62
353
66
628
399
902
603
719
161
191
41
34
718
99
965
401
719
392
189
307
640
564
128
721
352
70
71
609
119
812
862
910
462
616
160
675
877
646
806
920
946
885
514
637
779
652
626
858
889
828
346
653
486
142
789
250
314
203
624
395
639
429
953
409
967
388
929
680
91
786
40
833
501
842
110
442
156
827
537
613
30
251
421
332
404
371
586
139
295
886
626
330
300
604
454
426
180
639
922
947
677
141
566
578
2
666
1
133
562
779
423
764
550
687
33
12
332
426
775
292
446
496
691
376
9
353
183
989
481
251
512
173
419
224
675
437
512
462
890
553
392
272
854
37
294
241
159
16
434
806
706
740
285
433
277
728
255
634
957
588
169
185
430
82
372
78
317
410
422
131
660
360
98
353
726
321
623
913
142
201
220
769
343
737
808
70
482
684
41
775
716
950
54
184
958
913
354
784
672
550
727
329
648
464
951
417
476
648
952
544
22
75
886
77
658
560
925
980
729
728
537
319
23
219
979
48
86
390
399
875
436
544
26
264
52
673
690
751
61
345
267
607
153
332
668
523
417
3
965
625
197
885
243
146
420
953
418
347
998
247
436
588
737
645
918
568
129
801
478
541
332
29
35
978
620
6
798
140
532
524
776
713
403
998
960
666
806
217
65
556
210
678
599
71
389
807
389
289
175
464
428
894
552
532
863
773
196
567
379
332
950
934
749
44
441
795
735
487
743
924
667
629
956
969
286
612
64
549
668
539
250
164
19
254
913
893
359
511
685
413
877
976
789