511
757
446
295
487
196
988
636
284
961
182
315
449
322
146
408
147
513
344
385
74
659
728
523
691
956
631
437
428
195
85
719
339
99
207
357
611
978
787
463
467
876
832
945
358
21
716
469
481
396
955
663
504
169
113
508
599
144
426
422
479
529
285
626
538
609
682
44
346
861
990
234
534
20
910
611
141
760
415
351
46
636
484
852
729
759
43
966
121
535
687
399
706
867
346
591
588
99
789
577
743
926
917
842
514
290
937
994
577
640
247
589
172
293
241
213
855
994
796
322
833
170
340
189
596
966
266
112
85
804
634
932
892
208
79
231
604
255
174
277
341
80
783
906
805
436
349
819
336
985
385
497
888
44
805
500
979
918
893
587
986
525
553
25
708
852
394
309
146
723
850
553
85
647
62
255
247
407
283
606
113
590
97
112
441
347
609
166
758
667
16
281
444
737
894
999
555
707
922
193
176
638
41
671
681
303
574
599
333
574
767
281
121
888
497
105
559
596
985
868
581
855
924
893
907
516
231
291
951
821
909
912
768
79
747
673
881
591
380
111
785
962
493
673
200
972
641
640
744
606
569
674
89
261
223
601
868
232
990
623
817
290
359
781
47
204
443
636
683
716
595
405
926
863
988
442
719
161
409
232
845
39
346
315
776
489
977
109
317
214
755
765
56
897
565
142
561
327
178
511
666
667
715
688
662
502
512
107
990
63
623
800
738
717
147
218
49
460
0
409
656
709
768
452
271
733
934
906
312
231
945
259
912
73
532
90
823
528
463
215
791
948
284
369
184
99
830
718
609
426
604
744
728
225
5
379
601
469
608
254
356
369
92
657
872
787
275
640
484
555
689
294
443
85
376
335
26
4
563
917
432
441
276
709
423
913
412
540
443
302
239
469
226
225
513
43
539
999
81
333
938
6
931
104
355
715
161
184
524
5
323
387
775
43
763
26
761
302
964
731
877
309
317
597
948
86
277
55
37
951
648
702
885
297
443
633
564
497
715
140
502
668
131
386
752
535
104
892
105
868
754
973
488
99
302
756
720
814
862
493
222
638
116
996
47
964
407
804
398
228
139
0
22
978
960
448
785
947
835
580
192
967
895
504
981
102
722
933
767
36
637
39
318
560
68
428
295
255
420
398
884
515
158
426
74
571
44
203
503
70
43
800
431
724
815
197
226
507
372
955
191
122
812
55
302
972
249
71
730
566
725
276
306
933
164
305
845
483
665
913
383
267
960
3
827
510
595
616
995
67
937
221
84
531
525
842
665
177
567
537
701
431
63
364
437
257
110
68
741
814
232
52
201
784
507
602
253
513
18
412
14
971
308
81
969
932
298
319
722
589
992
864
900
913
833
27
620
298
444
607
663
37
472
458
194
631
941
340
351
937
283
725
405
240
543
29
580
623
878
844
541
5
941
736
95
271
782
668
205
281
174
502
939
426
491
993
183
611
741
724
396
711
243
599
40
810
144
304
915
584
743
195
145
393
31
878
305
528
153
700
208
598
787
882
378
11
200
714
649
403
440
837
330
120
266
312
362
161
599
669
588
806
725
241
105
740
850
511
364
739
674
573
428
986
237
788
274
657
426
346
730
450
813
314
376
539
612
828
559
338
405
544
46
369
254
773
580
175
591
342
381
329
890
163
425
720
952
206
540
698
971
436
95
843
659
44
982
745
328
185
967
883
930
181
122
88
573
744
752
303
76
95
487
144
161
14
938
18
55
298
585
238
916
389
475
470
203
907
645
781
476
507
896
294
100
76
459
350
876
381
679
657
267
82
722
217
508
982
827
29
669
372
103
412
762
832
437
413
710
534
718
651
126
274
138
780
571
288
958
57
493
635
177
405
134
328
764
999
130
608
801
209
174
517
947
989
812
255
208
352
619
626
711
231
493
223
605
555
220
550
147
48
159
438
482
230
410
985
351
488
950
640
289
815
344
131
495
478
197
176
787
479
980
545
364
656
976
326
550
744
599
156
628
162
518
786
805
451
423
572
662
569
389
602
551
879
987
120
211
10
602
177
991
803
772
932
165
350
819
547
731
343
58
201
869
74
890
691
550
293
334
603
945
753
616
165
141
426
706
811
951
982
170
965
953
543
570
184
589
672
551
305
197
499
265
597
599
702
414
260
920
151
360
687
952
236
976
920
630
116
736
26
686
986
855
990
597
936
932
249
352
273
619
988
457
427
374
214
83
409
562
366
859
428
444
276
497
421
216
781
240
750
614
134
105
298
754
405
322
79
856
329
938
862
819
25
611
711
851
502