245
93
484
715
220
813
1000
101
700
982
419
631
634
255
150
404
202
657
35
59
343
867
981
598
365
464
13
493
33
651
610
247
263
698
983
870
131
352
643
435
531
510
860
689
862
554
779
297
781
450
520
703
150
759
875
483
849
495
142
568
16
367
95
589
291
248
135
266
372
895
997
667
784
56
587
744
329
687
709
144
757
498
309
173
44
437
113
608
610
819
5
457
253
293
812
371
433
271
154
732
176
341
990
436
411
475
78
366
394
945
515
30
416
659
83
345
666
52
702
260
153
68
497
783
493
118
755
949
186
21
442
802
734
597
832
201
422
347
19
628
608
648
487
637
516
763
119
352
644
88
724
442
890
232
957
290
13
484
278
175
535
842
639
292
583
727
698
330
623
471
725
676
411
605
310
342
927
86
558
973
931
762
717
548
693
539
186
555
312
379
243
156
925
590
579
665
523
123
374
361
409
287
894
929
773
885
367
164
105
708
15
705
762
899
656
501
637
827
917
914
441
699
780
22
979
901
670
446
594
700
902
377
141
470
740
836
166
79
99
841
320
815
556
340
984
83
166
737
49
87
777
304
412
394
353
681
671
935
284
461
543
804
338
175
715
299
370
402
602
89
850
973
597
88
275
113
312
15
457
990
343
198
702
994
725
815
19
334
295
717
233
284
316
112
401
644
965
773
140
359
237
765
787
289
468
53
595
916
324
703
436
292
526
554
508
762
196
664
532
201
540
824
739
599
627
941
323
939
343
529
531
558
332
634
689
894
842
546
573
392
65
237
760
51
833
351
26
615
677
891
289
709
191
173
331
736
404
466
227
929
442
614
339
365
386
849
167
623
776
284
469
688
459
977
116
999
840
522
175
517
834
172
267
701
13
855
835
752
631
456
934
77
507
591
299
937
192
489
696
633
653
567
958
155
989
741
970
366
488
48
969
311
47
46
870
827
174
819
14
760
187
159
319
629
889
888
582
690
212
698
154
642
681
318
787
773
598
463
281
823
851
255
406
644
437
740
871
242
158
997
398
878
31
965
319
256
211
686
72
11
285
830
610
949
88
91
429
545
57
432
325
431
360
585
368
137
265
244
634
424
44
381
736
13
779
960
624
118
533
97
496
503
164
609
489
83
419
864
993
843
11
156
911
260
714
749
854
984
626
811
767
523
161
951
309
500
527
766
191
750
281
597
594
354
933
682
932
492
894
745
32
961
165
783
885
260
823
850
24
961
328
233
526
790
458
64
160
735
986
336
67
226
474
895
305
27
558
964
44
387
293
447
751
261
966
686
452
270
463
895
443
487
145
666
48
344
715
781
598
425
825
1
145
255
939
670
48
858
991
970
444
520
234
610
461
349
187
548
135
826
209
991
365
985
535
890
388
467
838
968
593
525
454
550
220
288
419
380
776
273
305
469
610
507
359
343
792
547
349
666
277
297
21
483
684
194
334
760
163
381
674
689
931
468
996
840
219
117
465
92
230
270
874
169
14
422
789
492
398
962
872
951
431
306
786
368
669
545
581
571
232
444
686
840
976
626
488
779
505
628
744
646
358
944
641
275
164
415
855
153
383
314
654
104
694
60
104
501
773
537
697
81
397
907
100
436
940
958
976
187
424
959
492
55
619
178
205
77
189
484
606
180
483
168
736
427
221
665
356
794
470
193
828
743
697
621
508
762
813
494
309
323
449
261
449
979
973
733
996
923
54
232
333
460
549
673
435
697
853
7
246
44
262
890
73
470
252
420
591
73
965
988
175
524
396
967
950
96
894
45
484
374
404
810
90
580
389
827
366
125
47
886
860
873
587
278
715
662
671
158
128
889
563
310
404
396
393
451
62
555
758
925
526
685
802
421
408
178
377
954
44
683
809
48
1
44
148
667
53
41
633
260
376
859
741
141
516
476
917
818
124
68
850
696
894
149
695
788
353
668
559
593
451
821
303
961
195
765
0
470
436
798
754
250
572
606
532
864
613
135
541
984
156
759
591
498
170
862
876
954
368
477
394
767
52
577
584
560
464
288
209
946
221
242
105
120
164
782
654
92
721
356
652
954
904
869
1
581
588
120
406
565
459
342
611
645
670
14
181
605
160
438
573
135
220
442
770
79
629
44
495
133
471
470
121
820
261
651
315
96
570
8
88
247
791
982
123
586
748
207
646
173
148
234
436
486
622
58
333
839
918
890
585
534
546
889
581
458
106
135
505
244
666
651
331
609
211
922
377
729
90
797
182
274
242
790
990
909
971
676
23
119
947
387
260
189
655
308
786
95
822
82
504
48
390
58
551
490
225
751
709
546
821
7
399
72
55
855
620
604
272
764
384
275
919
272
577
983
640
208
440
343
966
241
907
148
712
285
618
140
657
545
41
262
891
709
48
992
901
260
44
836
70
775
96
810
511
980
8
824
985
515
930
268
622
307
433
338
995
557
473
562
904
176
689
456
659
774
299
915
824
327
333
61
14
110
522
888
602
382
39
616
603
912
123
811
71
884
839
272
875
143
808
618
318
154
283
372
970
998
179
671
318
60
834
30
770
416
37
70
271
271
71
160
500
342
29
44
579
161
220
471
834
152
957
890
804
415
575
244
445
483
403
286
270
558
121
815
654
794
981
940
61
465
852
800
488
979
308
461
298
604
420
369
184
774
868
232
276
994
241
693
156
20
1
65
389
422
28
758
263
103
630
233
529
910
340
855
976
562
774
879
81
451
90
566
889
749
799
979
555
751
643
144
603
122
122
104
366
690
556
724
793
305
246
778
678
271
847
816
36
825
771
933
355
382
530
944
529
522
77
545
690
978
370
486
914
807
918
113
417
794
661
864
65
74
239
174
593
70
53
950
64
470
18
498
138
665
875
774
939
415
647
217
106
551
789
95
438
216
434
165
975
142
477
493
468
464
190
889
449
509
964
446
388
833
845
159
410
695
85
323
209
194
481
480
319
261
188
344
830
372
906
485
334
441
728
225
153
566
804
214
443
574
220
538
782
767
620
949
831
228
875
42
47
796
889
930
165
983
634
920
741
825
84
901
470
737
876
222
637
693
159
30
329
782
155
161
65
746
197
635
894
398
815
871
217
778
178
806
405
404
880
900
179
926
71
732
211
205
960
114
914
126
809
763
897
358
771
545
164
924
724
163
716
1000
13
602
265
570
92
301
151
651
859
223
516
177
656
59
98
827
627
512
729
672
724
769
629
588
458
524
932
187
42
55
182
137
865
89
252
650
951
249
318
344
326
352
798
569
349
865
851
852
306
644
620
386
248
879
358
238
905
332
53
977
362
478
427
175
467
704
10
40
86
895
453
0
221
116
121
66
614
30
585
464
677
853
771
440
64
32
359
12
419
191
896
610
686
922
485
301
577
138
978
701
507
98
579
58
288
432
63
810
255
700
834
727
46
714
651
594
46
175
380
321
313
881
901
782
19
222
623
449
651
555
901
652
654
742
417
585
971
283
387
857
255
955
774
436
497
887
180
132
600
892
245
954
978
211
461
482
705
304
924
7
688
953
887
470
478
226
206
405
882
161
316
831
118
879
988
7
412
848
520
329
249
638
427
915
739
831
860
830
180
890
231
762
786
425
346
331
93
640
216
296
169
244
632
655
283
524
557
115
826
783
191
329
460
332
298
610
531
589
155
168
167
290
916
237
586
343
63
872
872
756
832
366
427
74
910
569
482
272
775
869
749
144
955
670
866
878
37
258
242
640
360
612
846
938
818
786
570
807
536
629
737
967
873
858
360
188
208
87
389
786
993
659
407
671
396
444
193
586
370
503
127
842
273
623
520
29
470
19
487
426
194
829
690
835
951
199
705
503
853
454
585
160
622
199
809
257
110
339
200
984
667
795
148
748
378
835
706
845
27
482
282
228
556
408
600
571
203
994
27
178
86
924
400
71
54
927
879
721
172
509
783
807
863
627
431
452
489
895
231
179
974
328
477
28
61
223
558
911
720
382
393
235
640
414
587
411
642
67
553
189
922
799
889
504
196
668
363
504
71
666
54
761
590
257
37
761
691
614
296
356
744
784
21
474
313
53
361
631
79
535
984
162
827
880
808
289
277
48
505
877
145
553
661
902
112
40
238
396
494
999
504
203
471
536
33
255
951
200
102
466
273
94
739
243
772
770
30
770
191
344
151
669
838
410
705
192
471
102
279
351
19
539
734
965
217
502
596
455
891
819
470
288
56
290
978
465
586
581
71
801
534
625
878
69
611
47
650
193
204
680
968
275
407
945
426
395
786
584
340
161
307
101
706
935
536
62
580
109
374
997
579
89
895
623
825
810
734
6
52
672
220
258
144
663
901
778
792
485
756
456
675
714
179
668
134
198
358
767
371
96
291
577
309
652
415
54
38
757
138
89
468
590
71
477
618
0
845
678
83
670
515
128
221
622
969
103
674
111
880
966
178
884
947
778
805
990
65
763
68
374
159
44
747
630
799
603
828
631
265
364
517
468
286
886
808
377
124
802
906
682
164
431
629
729
666
49
978
825
148
504
745
192
823
37
7
818
567
9
386
581
722
772
667
236
241
250
796
911
159
361
243
228
125
884
517
674
810
468
263
231
131
303
634
225
788
810
976
22
800
589
677
130
908
368
350
804
108
561
705
54
18
129
194
363
326
646
6
555
288
383
249
891
490
923
778
792
674
221
127
919
639
393
119
28
848
951
468
447
293
326
826
464
483
228
794
201
773
3
146
537
396
721
628
848
108
864
227
381
2
980
643
637
701
898
172
295
777
580
384
902
125
36
458
121
155
391
667
741
433
76
156
983
29
308
348
456
396
889
986
992
785
392
746
215
770
883
228
258
73
969
189
775
330
630
242
390
975
417
534
824
691
767
325
500
767
902
292
112
819
1000
764
856
358
160
231
846
66
749
959
180
944
951
995
621
257
903
710
66
91
492
707
346
730
674
461
85
184
896
472
0
635
528
443
317
870
772
320
312
216
382
756
733
63
509
708
654
825
168
814
833
960
106
749
447
86
801
750
326
395
197
15
437
92
413
366
521
407
700
616
925
861
594
120
344
374
709
125
332
462
380
314
654
530
32
111
37
550
93
664
295
641
389
542
848
264
236
668
286
658
852
362
727
758
727
527
346
38
827
564
868
52
544
330
610
956
112
679
768
151
53
255
516
955
880
181
75
157
804
568
864
516
410
618
501
270
490
912
637
348
829
622
953
889
557
731
154
106
280
39
669
664
107
0
844
886
493
438
87
176
280
449
195
255
694
243
117
739
619
978
518
992
897
494
965
215
657
662
693
372
207
969
827
884
24
253
988
43
791
424
370
273
649
398
197
421
482
31
1000
390
793
749
926
572
516
190
836
573
718
73
9
108
933
37
503
572
55
22
288
961
982
133
138
958
840
909
298
908
254
133
864
323
906
30
570
893
320
176
429
823
267
129
965
33
473
47
452
422
26
559
742
490
502
180
980
657
165
149
734
641
398
76
58
540
662
630
95
651
105
653
346
838
413
469
877
929
2
507
433
243
968
4
744
835
575
249
357
319
781
185
484
237
170
537
795
442
953
550
191
439
496
651
762
751
280
866
861
17
578
846
787
964
648
232
291
428
287
315
777
270
350
169
1
329
31
628
966
358
631
484
288
616
117
768
276
327
894
454
616
502
897
548
86
705
786
618
492
422
363
100
693
973
613
209
71
122
710
219
795
298
118
413
730
791
101
223
681
359
960
955
366
222
920
347
630
854
163
301
121
733
921
519
847
334
839
54
427
191
980
773
975
973
631
751
546
309
87
229
78
648
737
595
901
479
259
682
403
699
203
527
534
978
862
659
63
665
364
191
643
575
918
631
698
206
418
376
762
516
517
355
595
398
884
776
664
932
417
301
108
700
567
254
260
538
634
920
407
269
734
404
944
714
472
770
6
405
358
645
319
317
580
873
25
79
63
426
239
820
348
110
889
375
820
925
403
17
881
703
749
184
857
875
10
2
565
989
581
499
717
874
788
279
162
295
253
276
952
914
968
891
799
58
126
849
56
906
492
966
664
503
475
80
288
652
286
446
471
441
773
330
687
127
10
536
985
24
495
904
61
843
189
635
689
257
8
194
29
565
859
642
458
632
999
219
160
814
914
332
951
74
597
177
879
138
137
226
604
817
709
913
418
5
636
777
641
80
850
200
958
532
816
972
267
993
613
777
587
591
136
363
348
879
310
192
296
364
637
256
227
347
567
292
949
512
674
35
138
292
980
669
340
533
471
849
71
250
258
124
11
48
629
874
757
218
575
557
216
884
653
113
620
170
647
492
756
316
963
217
643
675
897
352
841
856
122
204
23
878
314
943
234
723
393
618
59
799
60
949
398
703
201
48
80
78
611
402
665
175
325
401
995
243
101
607
521
269
854
724
346
201
819
130
418
949
437
211
132
898
646
403
907
440
250
718
652
370
632
751
42
68
937
789
836
934
155
577
635
315
630
163
488
220
102
177
232
757
627
790
631
291
241
402
731
922
888
875
201
418
836
716
773
870
208
475
929
494
796
314
535
64
637
669
115
510
231
717
262
836
527
827
278
943
432
171
862
231
632
924
430
938
850
393
561
390
505
492
15
33
836
961
964
702
244
656
726
938
312
455
583
936
62
988
268
959
112
723
472
667
889
686
596
565
574
862
443
122
202
802
797
970
979
78
707
358
689
379
270
110
623
28
823
621
125
916
325
468
592
194
224
913
30
301
482
372
238
34
829
34
546
105
444
824
290
886
12
847
566
917
178
671
391
700
67
199
609
110
733
456
16
920
841
133
329
835
469
975
905
16
692
584
974
14
572
646
449