884
710
377
269
166
833
410
79
490
843
334
574
182
380
175
712
950
589
565
150
827
289
661
377
848
261
222
304
564
795
281
964
890
339
717
126
197
542
852
676
581
387
699
98
204
9
383
5
778
580
103
384
353
153
482
95
788
369
327
889
219
80
422
5
633
139
33
620
828
957
365
590
541
343
806
642
618
155
631
227
164
386
6
741
23
795
823
231
927
739
745
656
872
363
853
256
21
757
730
799
778
682
873
519
629
810
446
5
733
271
562
577
500
556
648
732
693
842
325
944
750
58
95
975
209
78
787
767
927
113
876
517
992
974
244
701
793
340
614
677
128
695
586
609
936
115
482
974
669
594
250
638
850
929
429
597
144
973
342
153
938
662
100
359
539
267
390
891
633
656
69
815
315
297
749
4
919
82
168
610
980
329
191
354
868
603
830
704
970
605
287
96
943
805
897
153
189
362
604
446
226
934
392
136
960
220
283
921
674
773
326
431
927
910
698
498
702
333
440
571
597
150
450
258
446
195
11
276
185
623
288
220
657
558
783
883
967
62
895
758
292
412
347
75
570
438
929
411
0
561
523
69
549
613
331
205
239
662
256
28
735
590
624
138
78
783
179
138
450
645
497
826
644
355
121
975
779
5
716
3
767
666
97
544
142
661
416
786
105
346
306
445
502
941
810
681
361
939
691
972
252
738
588
149
507
187
618
775
286
661
484
431
309
505
703
613
935
470
937
337
516
471
991
718
291
991
362
205
326
716
75
536
4
397
304
566
356
931
861
690
119
451
947
95
534
612
801
363
402
222
81
349
132
758
904
52
18
97
174
269
314
116
786
920
141
121
883
934
248
88
982
603
972
672
300
217
119
42
241
723
450
6
15
863
860
711
664
630
793
433
486
918
265
55
725
202
279
487
439
486
669
796
799
175
157
74
547
239
923
455
968
340
496
543
695
760
529
968
896
518
979
448
596
320
534
797
75
615
294
69
61
452
927
787
699
838
863
128
507
331
866
12
64
700
610
680
41
626
392
806
585
383
900
905
209
457
64
418
248
118
278
979
358
620
386
975
902
985
634
142
63
907
214
32
310
153
653
633
90
531
117
242
419
28
589
17
347
44
524
186
947
737
826
303
74
134
541
453
692
661
632
307
761
788
399
918
811
937
233
398
92
347
248
708
176
436
979
924
284
117
577
456
974
357
732
578
194
544
400
611
250
896
686
204
372
58
822
872
104
748
287
544
28
393
17
544
692
570
787
114
88
848
670
1000
995
374
896
608
830
131
326
810
314
111
489
549
760
264
873
566
379
82
960
442
874
605
813
618
206
507
380
157
935
531
633
986
978
414
971
266
843
372
606
990
300
850
880
533
17
831
610
181
459
220
49
571
429
274
4
414
817
446
37
126
372
742
943
678
987
450
516
726
271
71
583
813
510
83
59
609
804
89
905
251
884
549
457
97
429
542
910
563
680
890
166
774
46
985
576
773
255
691
474
611
772
944
64
119
692
590
165
175
303
391
436
34
413
146
426
852
400
45
829
110
26
44
748
312
606
575
353
428
23
566
63
420
110
12
927
784
834
975
789
67
318
854
590
665
623
857
682
89
782
467
267
383
469
30
269
907
134
367
875
732
416
307
500
412
781
913
263
918
456
398
917
605
668
144
760
687
164
642
858
891
669
950
976
83
628
197
123
409
217
292
65
309
427
887
17
162
199
495
745
934
16
858
846
469
608
835
617
771
694
436
850
151
579
357
730
835
566
864
755
905
364
55
877
814
915
19
174
335
98
758
977
429
410
786
800
589
891
612
526
715
876
884
914
170
188
411
904
923
581
100
126
737
158
892
916
808
243
373
456
200
939
244
438
727
594
601
679
735
879
880
283
234
429
551
696
65
518
451
441
273
394
596
647
512
461
211
47
370
860
538
956
412
786
221
431
199
219
783
398
61
147
536
369
739
440
874
851
723
496
4
143
340
291
151
640
559
919
622
812
686
455
1
330
681
71
349
114
226
966
615
332
128
758
853
670
177
957
947
688
306
818
222
625
66
381
975
331
710
149
530
700
143
230
476
398
62
64
658
204
730
952
177
800
951
827
368
996
452
123
430
726
395
883
349
792
187
810
383
841
895
121
475
130
551
288
53
875
915
708
140
710
388
234
127
950
12
187
531
976
561
926
837
630
266
443
436
556
553
342
832
815
19
6
230
102
474
571
935
374
567
317
431
707
591
652
931
726
748
824
248
236
606
890
35
409
176
69
86
721
161
600
924
687
932
944
806
228
584
131
519
766
445
557
735
62
445
533
713
619
296
824
711
264
765
630
538
946
61
710
847
945
989
242
321
973
895
196
209
349
644
254
90
753
695
101
544
726
300
894
307
1
878
298
669
354
318
156
918
843
339
263
952
585
567
16
129
864
514
662
127
645
383
389
583
685
743
809
680
923
566
980
360
955
18
903
843
165
977
245
443
466
348
152
202
904
404
357
186
814
233
174
274
451
336
256
543
672
74
543
806
296
305
798
502
123
323
343
256
283
50
446
199
264
217
533
900
105
925
358
759
206
888
860
587
667
158
980
94
695
665
200
436
904
803
983
133
782
868
791
960
419
150
933
44
498
514
217
412
791
16
676
896
845
286
102
501
388
330
257
82
334
764
1000
704
42
958
895
568
458
658
441
674
197
832
919
490
942
852
704
198
102
58
649
927
651
487
716
907
581
379
982
711
524
202
546
404
402
25
776
571
522
972
298
851
281
22
927
670
407
451
558
886
869
229
881
613
405
326
427
277
425
179
362
633
316
605
620
932
121
271
786
813
811
110
274
554
729
154
396
717
590
602
229
918
955
95
729
600
446
351
959
63
102
744
506
384
797
910
294
179
17
291
270
264
266
192
904
823
370
110
730
849
57
782
954
669
801
147
335
631
532
712
389
155
200
156
487
992
463
281
831
719
582
484
246
110
453
786
435
630
228
817
329
949
429
768
453
646
411
110
499
80
462
614
686
792
958
853
907
752
335
49
432
459
595
38
929
654
631
767
555
893
681
297
747
354
348
358
826
174
364
805
293
149
180
867
911
720
610
414
792
299
340
818
317
741
708
672
42
369
913
269
813
243
842
467
651
488
373
482
798
985
270
821
346
415
192
440
928
194
161
533
800
888
809
1000
865
695
202
24
273
816
405
820
490
761
167
742
831
618
141
361
969
628
676
791
75
625
654
691
506
566
754
163
407
548
257
789
539
705
436
729
161
608
353
522
83
796
813
468
505
503
94
863
89
428
307
939
587
308
431
511
582
817
782
214
905
924
83
723
850
846
519
76
124
467
410
677
794
828
937
174
664
842
29
758
752
622
374
225
369
974
332
192
153
382
940
246
549
58
404
7
531
387
462
565
825
667
968
596
235
686
343
485
894
238
192
132
673
788
505
847
714
819
587
871
667
962
598
463
212
748
528
23
802
180
600
380
249
151
532
135
564
749
346
370
534
800
211
909
491
757
381
438
955
739
70
796
481
65
254
930
593
119
461
516
989
632
575
90
426
329
759
756
959
754
535
610
250
224
37
438
500
927
517
64
547
601
125
811
869
901
305
254
336
425
718
202
774
243
8
980
824
762
306
458
871
103
375
219
749
395
10
712
580
163
835
922
51
924
519
156
79
576
144
313
539
943
149
929
343
264
1
330
856
381
638
140
451
773
461
281
814
63
541
809
796
190
77
328
416
626
419
111
962
735
379
225
894
789
149
707
425
205
725
277
451
426
567
672
636
25
865
14
771
35
826
12
241
173
605
155
271
88
324
386
183
598
856
294
735
875
739
775
616
297
923
885
29
682
765
0
633
114
614
338
780
270
975
652
930
916
394
970
725
3
857
326
664
191
218
577
970
742
599
964
482
1
570
290
624
304
703
726
325
408
354
195
811
736
948
970
686
932
597
468
417
777
503
742
619
871
765
174
597
889
389
201
324
95
231
972
441
424
970
592
747
174
383
335
244
752
780
556
827
458
49
952
432
132
655
522
442
443
658
473
953
424
97
915
405
462
876
78
606
49
476
165
843
517
78
826
319
247
238
821
448
405
724
627
588
328
501
752
725
745
307
612
19
178
676
987
831
835
819
408
427
716
700
911
45
164
791
364
248
827
381
270
658
782
384
903
153
979
692
502
741
409
369
711
492
701
630
494
760
444
367
621
991
835
616
607
640
447
293
352
947
997
313
970
152
256
800
212
545
99
265
83
288
340
533
662
377
334
645
583
194
688
684
556
716
230
685
117
315
580
458
163
332
79
40
275
428
598
809
687
706
977
380
132
739
777
488
760
220
187
852
928
772
824
955
811
666
761
906
940
125
636
446
21
379
430
344
578
744
626
362
433
890
755
460
218
381
915
278
880
939
251
94
190
685
674
202
332
525
397
702
264
142
46
412
391
320
736
412
949
234
903
350
219
764
209
617
598
756
155
253
433
208
231
877
259
369
853
744
288
626
383
357
537
663
532
109
35
474
476
929
102
989
17
629
670
374
726
596
284
830
539
312
535
69
170
732
50
493
793
370
616
783
201
671
290
222
384
554
151
404
115
803
854
756
790
84
978
649
803
52
753
496
859
215
316
745
749
536
573
173
680
655
466
101
962
447
695
974
536
979
485
223
691
742
560
765
627
555
199
762
573
111
806
857
477
253
19
94
511
900
977
88
397
923
8
443
977
691
792
594
941
900
571
20
332
609
39
770
863
241
509
257
245
654
893
188
79
939
123
174
92
998
528
933
786
500
848
978
353
385
356
362
810
871
941
102
862
930
524
325
41
963
526
849
555
299
850
615
140
403
124
355
794
328
439
819
733
960
388
949
323
813
587
765
234
532
424
160
101
750
868
454
223
119
568
745
309
984
34
226
252
452
716
461
704
782
302
735
622
992
237
773
719
845
351
389
762
162
107
479
685
949
419
138
904
763
914
463
95
228
172
461
108
352
918
697
969
974
400
775
708
405
170
369
998
72
46
144
614
989
688
153
896
484
13
781
361
448
901
180
24
903
114
899
314
368
357
94
805
598
849
409
858
779
194
300
566
611
965
861
643
700
946
143
667
483
640
705
151
26
656
953
748
1000
538
588
70
938
283
779
160
19
661
399
287
281
542
738
419
520
237
817
986
136
711
84
945
269
548
839
552
83
714
863
892
610
251
255
467
943
679
587
322
537
132
634
275
643
688
956
848
214
782
552
218
456
785
251
284
909
989
589
598
628
522
324
728
645
499
984
173
719
33
864
730
919
479
939
304
204
194
103
281
689
818
945
8
825
866
769
602
454
929
534
739
726
309
36
652
887
743
532
352
508
249
595
367
290
136
175
932
213
453
955
88
481
439
218
192
195
211
255
937
174
623
894
893
206
849
65
638
354
692
434
538
85
103
331
123
140
270
973
742
310
740
607
244
935
185
378
646
655
642
114
148
636
992
139
12
405
729
628
177
38
947
219
68
182
889
52
768
875
502
677
392
55
523
342
23
467
53
681
746
177
895
127
664
195
919
5
296
692
747
198
889
907
280
959
719
675
387
939
406
136
49
680
43
543
51
927
291
37
639
609
333
96
780
85
373
581
150
256
887
478
422
936
538
235
489
574
361
140
419
296
100
387
883
753
742
146
64
49
53
88
732
54
287
182
671
4
735
411
466
710
693
133
894
330
194
888
468
988
413
920
291
148
922
459
941
326
42
359
688
284
799
344
930
226
161
245
219
540
392
519
974
964
331
487
360
805
156
848
547
441
713
465
996
196
774
972
494
754
391
511
980
714
167
473
849
974
351
308
357
438
674
313
523
164
309
132
818
991
935
559
660
886
913
514
430
133
512
182
534
31
244
263
420
117
618
196
282
262
885
515
489
335
251
903
711
911
338
464
839
107
779
170
408
493
646
625
572
529
897
976
828
636
67
969
907
630
82
501
679
835
305
832
734
755
122
405
837
420
304
901
370
233
553
263
898
742
926
702
842
64
877
733
827
61
18
383
542
502
593
917
86
648
52
830
207
689
481
601
229
38
329
121
312
481
693
384
774
314
265
579
642
176
507
820
725
311
169
893
704
853
587
766
996
186
37
747
642
677
231
678
19
912
288
242
582
751
894
737
290
421
119
440
928
49
291
436
810
505
481
952
371
427
63
903
182
604
642
519
351
331
936
291
178
482
971
530
259
176
245
592
755
911
608
568
861
131
301
607
107
937
267
65
929
131
55
121
809
185
331
652
130
139
943
612
842
170
897
183
430
326
949
13
510
453
296
268
875
800
788
584
436
297
552
870
574
887
674
740
477
316
988
36
869
285
481
802
120
559
495
979
844
997
292
190
113
226
388
447
255
526
171
916
627
916
412
972
317
734
39
347
244
346
279
625
79
494
544
513
495
991
173
749
121
961
691
886
36
550
533
228
390
677
266
897
373
430
390
971
984
345
26
372
182
987
62
396
873
565
283
351
287
797
449
579
111
787
350
790
803
430
488
375
35
473
130
890
575
703
240
423
992
55
46
833
419
745
613
468
354
560
143
903
267
482
359
106
909
657
795
352
580
191
791
777
692
657
49
649
46
548
51
762
37
717
646
30
182
749
958
378
896
792
381
758
209
110
316
721
606
269
725
68
378
997
658
508
172
170
133
385
921
692
934
397
230
135
836
971
922
60
94
837
33
800
738
941
645
192
436
497
724
396
983
909
387
555
824
544
892
245
479
869
160
725
641
553
577
275
834
716
196
491
437
952
747
604
4
820
825
282
531
175
60
321
294
592
54
462
860
847
952
22
273
62
398
539
474
331
802
440
145
640
219
186
359
568
203
323
283
228
314
152
906
986
54
923
83
673
976
898
172
805
200
420
827
347
814
953
188
9
154
629
701
366
181
400
436
55
761
992
734
500
763
855
530
981
909
682
482
673
502
338
887
629
318
421
111
427
224
347
806
9
480
579
911
121
786
133
955
492
717
485
191
295
218
940
844
747
107
577
835
199
953
197
230
380
317
405
331
90
174
170
801
631
573
840
664
35
284
101
618
944
8
137
686
613
116
67
339
213
352
445
538
156
213
385
531
668
668
878
235
77
565
856
844
420
337
313
104
492
661
24
569
328
779
121
151
833
594
837
193
760
977
99
540
929
593
599
416
701
351
442
820
517
857
337
495
603
230
372
647
873
177
140
792
632
955
967
82
220
488
142
292
8
531
944
782
257
127
223
67
360
981
67
763
517
322
375
279
940
158
889
954
124
721
414
111
356
987
939
240
338
190
990
481
16
115
723
557
864
498
949
972
407
0
919
357
933
223
260
21
402
396
942
84
831
497
357
184
978
479
724
783
220
331
560
994
104
329
543
270
902
244
987
134
777
960
645
897
622
375
359
469
689
324
836
214
182
279
812
439
625
534
77
323
316
676
162
140
171
890
68
623
690
642
923
5
433
550
406
410
709
712
964
848
30
544
10
320
498
570
362
540
313
136
982
249
389
74
731
652
53
571
857
20
873
433
598
887
345
626
753
866
80
8
884
434
496
278
917
636
303
311
25
819
30
722
1000
147
787
172
685
183
780
337
32
530
73
805
30
706
53
44
26
632
392
8
768
302
302
866
970
666
988
413
237
107
606
186
491
919
787
76
360
336
461
850
335
723
992
385
377
286
359
832
154
176
138
171
635
460
351
818
804
942
906
154
407
162
318
755
0
99
687
20
821
994
482
436
407
320
130
803
243
460
642
265
776
920
328
302
130
285
583
477
965
487
271
390
877
633
413
474
278
515
532
852
207
11
596
348
264
318
163
362
194
242
464
986
966
775
360
702
672
745
301
917
226
898
944
638
742
928
384
408
479
403
415
661
423
386
608
302
545
291
390
168
378
797
15
837
436
113
184
81
205
847
631
281
104
429
622
713
57
605
917
53
180
687
545
377
84
979
422
258
14
666
387
398
77
265
489
648
722
986
573
414
728
938
803
443
449
879
617
335
573
192
628
965
476
783
821
506
713
745
232
772
85
448
78
80
762
841
558
440
794
377
436
193
558
660
54
199
330
965
610
387
841
848
287
698
722
914
618
35
818
581
202
669
903
934
132
628
981
130
903
669
69
652
682
410
524
785
885
894
756
759
495
837
633
845
485
95
465
670
907
550
674
335
184
348
337
923
919
743
403
510
343
433
459
810
55
650
443
490
64
129
589
921
952
662
185
426
520
830
680
408
914
458
32
818
848
737
804
30
541
338
213
782
578
759
583
907
8
483
210
261
106
969
352
644
540
274
562
424
18
700
425
432
334
86
860
32
408
345
550
716
120
328
761
798
305
723
383
838
846
117
569
183
646
623
86
650
550
181
241
506
559
63
528
297
58
795
259
999
264
369
741
184
714
843
961
8
658
33
420
626
576
363
626
201
268
412
120
623
210
532
987
183
155
321
95
143
253
217
150
860
219
160
197
688
447
848
327
939
129
512
700
821
499
686
313
130
969
652
510
847
128
661
760
830
683
813
447
617
109
928
597
940
143
501
650
889
73
322
614
480
975
839
684
699
22
271
988
960
68
828
152
979
75
268
399
515
749
122
756
84
523
613
719
172
356
77
955
92
839
531
29
847
817
846
286
324
76
31
169
274
641
436
784
929
363
757
860
933
68
511
258
913
388
723
371
693
380
731
290
443
187
974
74
958
20
168
846
45
589
753
461
111
436
791
609
512
13
369
553
900
628
197
641
777
716
581
824
828
1000
332
763
418
143
258
675
179
879
291
340
618
474
240
863
256
632
797
431
467
771
388
785
665
848
213
944
480
52
516
953
62
891
215
989
986
433
268
982
590
837
666
427
542
546
44
854
10
24
360
549
643
703
853
153
779
243
801
93
176
783
549
962
148
460
519
460
962
418
988
872
478
180
638
14
897
50
521
597
33
193
917
629
629
653
483
465
813
790
18
365
34
356
70
169
809
124
302
48
397
780
138
437
752
158
271
627
263
194
436
508
76
724
931
672
333
274
153
405
752
382
878
152
849
954
394
831
532
97
646
426
270
389
687
383
149
157
711
492
291
513
195
535
895
198
305
793
967
848
664
477
498
812
513
671
772
227
558
800
312
811
429
668
201
399
408
490
886
958
12
396
661
489
319
587
682
645
616
300
349
786
361
149
544
937
806
83
563
600
458
310
370
982
760
758
727
735
773
234
61
348
430
980
536
69
885
753
777
564
403
86
723
62
96
254
460
527
783
613
631
951
808
306
411
229
222
984
161
847
311
588
878
38
929
981
128
95
435
927
148
48
598
471
792
214
13
812
209
32
187
44
609
83
992
747
572
772
130
360
81
28
112
351
753
124
742
173
816
292
494
108
207
485
542
245
840
474
142
348
704
788
842
271
497
61
255
316
728
953
164
949
848
896
225
902
114
339
866
55
420
785
827
644
703
261
400
591
600
586
306
291
75
90
907
178
407
974
977
985
114
777
845
830
18
106
277
793
51
614
667
355
277
920
296
776
591
379
398
851
247
696
935
339
463
524
67
21
114
374
983
382
618
209
676
340
103
796
664
738
522
376
330
327
82
167
397
202
948
255
38
214
196
644
892
57
102
968
157
327
418
110
840
467
581
603
882
463
668
832
534
72
381
972
5
976
874
245
470
835
701
109
761
625
294
818
958
851
921
540
472
319
578
106
246
9
168
980
603
250
850
317
308
452
257
795
975
444
36
101
960
600
146
812
594
246
656
604
998
889
46
489
472
471
802
922
967
293
909
14
401
642
419
969
567
613
421
530
82
659
62
616
73
685
545
912
792
655
187
730
763
56
101
463
662
21
304
888
436
215
66
876
366
160
312
798
4
711
56
398
203
914
384
4
837
648
747
516
616
30
534
860
142
653
485
568
21
965
666
21
597
243
314
174
353
505
218
628
837
140
972
777
541
363
102
692
217
28
305
390
95
541
820
606
567
216
565
514
999
657
905
201
203
818
130
813
872
19
268
230
352
322
742
202
214
274
911
866
635
735
226
620
611
21
347
639
426
498
23
362
284
580
831
89
33
541
282
786
656
25
44
924
284
988
72
745
944
508
719
412
297
431
955
386
899
132
622
74
130
671
480
903
684
508
67
927
380
732
605
402
324
74
851
279
399
223
510
411
774
375
25
367
748
333
609
671
81
371
765
278
792
33
350
578
432
964
303
694
167
57
81
426
583
32
412
69
609
243
339
394
4
580
500
213
72
383
237
82
337
709
605
628
83
53
701
239
673
677
701
234
375
213
222
581
242
134
668
535
147
275
689
950
36
159
619
520
980
650
377
254
478
80
165
657
961
457
665
277
635
469
620
161
584
629
970
928
23
811
232
518
347
705
573
65
467
706
611
306
851
19
392
246
373
586
680
744
251
451
955
320
953
406
66
289
16
316
46
441
828
843
40
706
92
431
635
209
770
781
85
977
891
541
710
825
798
611
569
655
52
455
139
927
419
552
557
898
592
474
826
633
498
851
559
328
542
87
161
249
314
128
953
733
171
841
721
343
710
789
154
528
240
685
185
23
649
763
855
593
768
179
283
702
906
18
813
52
120
131
243
938
480
281
654
272
369
172
342
178
978
839
802
734
992
97
891
810
936
118
927
981
774
985
515
60
750
243
175
383
315
103
944
273
266
580
992
200
602
80
681
929
700
919
483
130
515
229
475
276
739
769
456
17
196
963
152
631
118
224
546
455
198
921
588
459
974
47
497
846
913
569
300
877
60
575
891
399
262
559
303
659
311
124
473
952
851
92
856
269
523
63
416
121
556
61
990
200
555
623
118
280
573
795
819
677
129
576
38
791
839
469
57
861
290
99
597
823
329
666
976
132
545
812
380
944
502
95
763
218
122
20
38
764
950
468
377
315
668
764
427
438
913
42
280
321
804
577
690
413
81
46
516
758
954
459
921
755
860
203
222
859
309
676
348
36
748
392
713
766
989
429
830
748
682
781
646
714
749
394
738
750
881
966
706
792
661
893
683
718
258
296
448
135
374
487
148
110
934
822
239
460
138
389
25
302
441
157
757
670
787
397
811
110
221
853
404
939
2
62
630
712
353
626
73
466
431
627
271
156
293
598
339
305
380
384
12
195
407
371
397
576
464
191
610
803
391
912
238
135
627
964
979
740
86
360
702
724
205
359
634
467
326
306
977
540
238
538
975
335
717
133
557
498
875
639
101
587
651
816
482
60
657
203
604
940
45
945
657
746
164
365
875
566
147
863
699
882
188
193
533
746
393
664
350
167
644
249
871
300
105
779
391
149
325
394
320
275
783
918
120
192
719
150
141
307
548
975
903
564
62
518
282
578
53
521
143
274
370
296
669
18
1000
981
180
961
986
751
101
113
673
750
634