966
381
89
587
935
965
76
454
189
833
19
744
59
631
612
925
738
63
121
716
546
149
321
378
311
273
562
476
900
255
175
382
339
876
433
365
897
324
145
327
801
687
997
63
462
385
766
230
395
398
469
565
106
105
925
217
12
453
127
187
938
751
198
994
682
740
170
671
817
444
696
378
490
887
601
72
930
906
907
509
668
546
63
388
782
205
778
747
971
603
410
598
447
580
712
935
926
144
806
510
895
108
425
656
737
242
152
847
73
843
744
66
813
479
320
541
856
28
176
633
868
965
813
318
924
200
724
41
980
164
189
397
154
81
970
848
1000
310
586
656
152
607
844
581
735
154
57
541
892
116
480
248
885
617
615
804
75
897
355
623
501
513
788
145
598
850
188
59
638
632
575
331
306
128
150
948
755
880
747
723
82
118
385
196
55
828
936
245
949
137
24
964
576
814
564
449
697
754
719
458
557
538
387
334
400
744
997
724
179
222
944
668
806
448
225
727
843
128
244
481
675
467
120
110
464
62
600
711
104
233
12
353
175
649
923
665
177
150
521
924
415
608
828
659
382
843
406
790
94
91
423
339
998
631
40
236
776
523
715
553
278
744
316
492
876
141
886
439
470
605
872
838
226
634
745
132
726
508
65
713
280
125
166
409
342
907
849
727
259
487
772
728
279
804
756
258
134
416
988
214
252
715
458
921
254
928
944
984
753
873
77
959
348
350
388
42
622
1000
754
82
218
393
461
700
740
324
594
969
230
851
858
351
155
890
126
616
394
182
747
37
21
807
842
104
197
613
213
371
286
138
306
992
315
714
567
624
242
104
176
947
967
360
545
773
76
731
552
251
927
608
540
838
631
48
930
864
744
359
51
735
155
473
716
566
71
172
653
347
80
812
563
81
119
648
365
768
676
530
667
136
483
181
850
476
47
895
235
502
549
66
360
988
257
787
983
316
597
601
545
645
326
864
274
602
579
75
685
572
713
188
572
764
475
647
408
939
164
379
172
400
465
869
915
821
719
563
184
507
608
842
621
174
601
555
395
640
821
292
781
708
510
151
973
725
382
481
990
775
956
385
138
189
245
643
414
448
626
552
95
395
337
299
61
374
40
636
937
629
771
472
799
964
789
264
249
233
170
860
177
706
999
714
112
262
440
673
816
618
829
424
796
779
806
672
667
111
335
2
917
892
279
689
17
868
109
438
832
913
563
896
893
147
568
437
155
288
971
61
756
626
286
959
79
323
766
48
778
786
583
914
892
176
110
319
526
851
743
370
168
583
487
281
370
496
393
180
465
873
557
252
377
133
53
8
558
101
794
500
637
524
943
203
31
203
958
673
868
205
993
890
220
773
967
237
599
676
442
235
94
122
347
691
273
741
928
930
49
555
791
448
907
524
691
455
184
746
428
920
676
349
876
108
364
598
862
848
909
834
381
363
171
139
575
498
786
165
425
660
546
547
194
803
655
638
257
509
462
161
822
768
187
230
25
509
838
372
785
28
243
395
714
72
98
131
358
950
34
4
39
381
285
266
364
224
897
315
44
536
357
786
477
109
616
966
426
865
828
115
823
588
997
803
930
302
600
654
637
286
889
724
237
98
809
115
203
894
352
11
647
222
19
196
552
427
200
424
300
0
492
344
63
961
434
816
38
130
354
828
571
220
532
987
146
783
347
299
62
469
584
85
71
263
178
939
894
919
449
240
277
999
819
922
102
397
251
256
227
380
98
989
797
64
558
780
897
201
681
304
478
723
70
503
502
813
590
509
304
538
543
589
537
946
45
708
778
201
590
138
477
154
110
361
136
140
157
168
407
898
105
89
915
241
956
1
515
675
572
543
221
850
891
755
705
240
747
886
569
468
248
784
801
961
27
525
316
645
72
853
204
440
866
92
321
637
847
442
493
263
93
46
816
482
714
903
947
544
397
543
425
197
626
442
377
153
568
264
371
30
972
602
698
320
955
770
841
239
400
470
486
293
187
621
594
596
568
481
149
894
643
32
676
148
653
383
552
894
364
9
816
80
225
968
184
424
372
34
927
51
218
732
241
345
294
143
381
725
502
444
528
2
782
471
104
906
609
320
376
262
270
82
141
885
837
962
491
699
406
248
490
317
948
641
190
515
220
666
941
279
301
260
633
142
783
849
182
746
799
843
431
952
467
834
998
320
667
247
324
249
777
520
444
618
571
326
431
95
649
932
631
615
264
383
509
91
506
182
892
878
461
149
728
644
186
908
566
348
922
985
867
853
547
160
587
658
113
729
148
774
651
216
906
131
860
929
181
395
454
193
560
465
889
839
477
892
309
938
816
1
844
501
688
843
119
693
846
196
856
419
669
603
697
109
510
312
720
250
699
183
977
625
715
863
900
849
818
533
755
75
713
684
763
48
576
872
183
932
179
623
347
995
725
921
466
830
416
243
350
198
545
844
83
191
84
991
57
391
138
504
621
762
574
856
25
564
508
29
970
217
858
753
690
463
946
66
664
636
594
468
836
584
574
63
227
632
933
242
490
409
928
86
209
129
721
308
128
600
746
262
773
19
836
310
437
207
481
466
503
127
673
712
496
718
894
421
262
717
227
185
955
333
736
948
688
760
897
161
74
140
569
154
199
772
433
56
535
44
597
270
506
907
794
1000
942
199
745
767
809
3
307
280
680
334
641
35
859
688
854
306
988
316
37
190
994
478
437
754
659
300
110
11
723
583
439
601
902
585
100
221
166
246
392
438
430
164
353
107
339
568
695
305
842
681
288
912
998
461
936
378
725
454
266
651
462
107
616
437
148
834
745
285
16
664
100
698
935
876
52
978
291
929
690
864
444
798
247
949
115
483
273
308
405
150
59
783
630
330
954
127
783
36
974
642
797
573
853
36
576
707
404
529
404
357
826
624
374
309
160
854
477
496
102
289
451
485
888
12
257
7
965
443
29
213
345
687
104
640
728
492
667
698
292
575
683
613
304
65
968
900
19
650
247
875
424
132
850
581
946
70
947
633
291
0
775
986
484
495
64
273
308
44
70
702
188
329
550
898
869
120
582
366
4
22
578
965
554
193
576
260
884
89
874
315
864
360
727
280
349
767
993
196
788
23
562
858
677
227
886
918
153
924
809
885
493
678
453
463
296
610
170
939
793
840
943
109
153
33
896
508
158
162
646
495
487
402
964
763
60
541
831
914
64
132
572
150
599
666
540
96
912
70
735
592
532
953
653
612
81
381
812
127
885
179
354
29
789
71
33
460
853
159
573
514
765
475
906
540
49
220
933
920
812
141
290
972
17
211
473
721
342
806
384
674
230
107
687
572
972
972
1
629
550
368
774
278
738
821
531
616
638
829
932
823
96
937
916
378
395
543
165
349
265
688
268
969
497
428
591
505
819
665
568
749
626
60
301
229
535
774
713
788
741
42
840
127
456
290
619
63
878
713
876
559
93
347
274
405
726
745
903
182
387
19
17
135
729
917
538
769
856
385
373
480
532
71
346
687
744
666
138
917
741
628
797
769
726
577
610
491
142
613
454
375
381
228
280
795
391
247
922
784
261
606
561
398
980
700
525
91
849
256
252
612
741
482
889
228
661
333
529
70
78
461
982
72
372
253
431
699
410
433
234
217
47
363
537
873
648
462
857
759
329
2
160
83
145
432
968
518
84
327
602
19
181
858
71
66
603
210
812
892
67
739
785
28
697
634
823
816
326
565
692
310
714
394
872
319
328
215
268
856
353
559
918
79
914
97
875
513
945
863
917
65
405
587
753
356
244
492
49
599
79
267
203
234
832
733
133
653
153
585
43
610
219
785
975
717
142
286
883
260
988
36
436
513
145
519
479
658
642
474
823
150
13
168
963
386
102
659
179
985
766
677
494
699
821
870
10
428
414
85
41
935
730
717
717
782
44
38
583
788
278
261
843
970
832
888
478
452
178
569
378
992
577
889
237
248
665
931
803
495
194
615
987
423
381
237
437
287
187
485
859
805
160
795
41
491
891
848
462
949
289
398
451
60
869
191
390
807
307
450
619
28
781
745
692
370
665
305
383
616
90
802
25
482
440
480
47
919
385
872
143
176
424
742
141
930
528
412
418
955
328
615
259
971
676
885
791
374
450
900
720
210
917
227
225
526
176
533
976
84
300
314
509
861
257
686
897
490
99
130
14
609
518
840
451
389
995
678
659
198
589
436
504
696
544
470
337
720
261
164
303
109
809
834
172
95
184
360
225
155
853
638
698
152
850
226
543
534
883
219
832
65
294
668
284
778
986
750
804
717
48
602
232
288
464
61
886
627
506
125
366
27
186
431
796
765
920
605
237
199
148
688
424
488
868
277
721
784
545
857
182
622
765
706
575
833
87
581
601
163
462
444
483
33
791
789
840
383
484
874
353
584
281
407
792
129
175
997
150
239
314
550
600
140
952
185
514
662
639
988
698
328
244
911
260
485
705
433
923
611
462
360
948
575
10
714
871
920
391
825
986
800
906
567
42
110
83
941
169
844
405
66
706
396
637
463
250
299
454
736
56
317
126
622
435
604
278
820
634
360
566
286
722
109
932
393
851
25
727
436
671
314
58
681
759
18
778
423
879
858
926
457
836
529
547
35
142
364
350
478
961
197
907
716
47
14
944
92
492
49
78
407
886
75
66
637
762
474
587
130
719
214
931
209
229
735
910
783
682
865
105
158
904
948
373
848
193
155
38
127
489
417
426
686
40
768
382
713
836
499
766
531
794
178
640
257
44
87
916
121
502
987
344
592
226
121
493
823
827
670
335
929
107
524
847
403
640
776
708
718
12
567
553
733
254
941
571
685
315
716
83
397
945
472
509
861
679
0
670
914
761
550
933
136
468
283
318
640
516
375
520
766
651
172
516
619
889
758
279
939
414
128
29
762
153
321
898
503
553
169
794
467
860
982
592
602
414
476
166
214
831
519
104
740
357
971
162
91
603
37
522
316
552
964
463
159
818
266
104
618
220
806
361
73
282
971
896
639
614
370
785
357
43
336
954
895
819
979
45
676
903
488
854
118
358
551
680
120
439
31
752
681
776
35
872
860
447
289
214
670
500
899
33
428
38
803
35
1
577
462
614
195
947
491
883
257
468
612
656
305
603
836
335
355
164
613
865
291
755
350
23
146
217
472
512
659
218
359
531
215
381
494
192
698
927
21
937
907
369
38
717
76
925
807
713
667
192
272
54
297
412
646
401
629
66
846
209
30
702
981
816
153
231
726
978
325
144
237
431
274
915
937
428
495
19
445
908
899
438
607
229
392
887
99
686
713
235
312
30
683
635
157
247
422
916
77
204
272
120
453
76
585
35
312
325
509
944
683
410
119
921
543
43
170
715
587
866
653
940
296
519
754
166
517
320
83
298
72
569
573
3
32
554
580
942
672
177
123
773
555
309
135
610
917
21
387
359
961
194
131
667
810
837
105
193
352
708
311
146
675
452
665
658
480
678
599
565
374
867
684
764
422
912
411
148
363
420
291
964
839
608
390
119
856
117
929
462
697
382
520
101
933
321
714
294
652
714
84
370
467
66
903
942
149
106
642
211
518
866
872
349
234
813
108
492
491
281
31
49
451
936
436
325
673
274
549
407
372
533
888
187
908
805
749
79
59
753
778
109
644
768
305
88
356
804
194
765
743
442
752
871
981
516
989
330
789
513
948
255
63
298
393
20
10
866
673
727
571
810
14
464
954
587
408
122
125
451
815
263
780
633
19
851
982
572
415
276
90
62
659
579
79
622
482
643
181
711
219
626
889
66
605
769
275
601
666
830
997
911
796
289
909
664
756
320
999
720
336
237
216
175
962
556
242
680
548
34
407
295
703
149
13
710
422
96
889
644
7
674
603
137
390
33
787
888
863
601
699
9
183
790
324
304
754
182
932
286
223
7
5
495
718
520
955
227
216
425
955
932
215
398
341
889
890
961
66
919
783
606
548
904
50
854
189
465
996
196
994
451
493
552
741
296
49
953
771
18
444
177
681
35
331
954
689
898
728
36
971
547
200
982
934
87
850
148
82
34
330
98
393
55
141
338
836
80
224
821
907
44
417
348
118
823
178
805
110
84
923
372
156
462
987
231
340
264
419
148
513
107
512
273
835
978
794
451
513
138
901
635
627
385
318
653
499
313
353
266
803
988
11
676
883
227
451
148
143
623
143
501
122
289
214
980
682
984
238
724
880
192
509
312
239
319
229
692
497
182
95
252
225
370
619
591
846
713
725
632
357
977
8
760
446
402
68
727
334
412
956
144
580
190
153
38
705
543
707
967
516
153
894
75
244
775
283
565
581
424
727
601
23
988
348
320
921
569
801
835
916
115
282
322
547
110
830
601
713
277
827
879
607
627
485
678
759
330
736
877
325
30
510
316
842
762
964
387
142
991
149
808
112
781
244
122
597
319
987
210
272
42
55
91
84
408
700
317
324
851
111
758
602
529
668
136
175
114
934
924
31
568
440
742
416
533
519
543
94
101
915
54
101
858
910
904
353
753
550
995
609
697
37
274
143
686
83
804
983
133
340
117
733
81
131
755
831
451
418
358
676
235
297
989
504
506
77
686
108
269
488
654
80
818
684
183
545
255
324
504
216
55
86
373
476
745
825
308
663
122
30
281
561
609
695
979
698
32
982
775
414
951
361
716
924
771
376
547
37
514
215
321
368
110
900
795
392
266
883
692
183
447
292
93
549
673
943
456
330
848
129
115
689
217
573
813
918
245
204
244
860
650
330
849
259
937
704
108
398
112
36
158
798
337
216
141
929
710
411
817
991
92
853
23
752
864
820
382
932
821
736
324
437
950
378
932
483
747
562
150
699
257
330
951
183
535
872
802
404
915
256
772
273
30
457
727
615
239
455
491
933
146
984
455
775
613
269
838
906
669
895
525
758
83
332
653
686
482
734
190
8
891
144
296
917
284
299
900
422
514
936
254
20
969
48
815
368
103
828
277
230
402
397
971
658
567
707
962
631
906
717
587
132
258
733
533
270
72
597
758
609
147
622
108
623
624
708
269
256
944
387
669
902
721
493
456
800
259
43
730
42
310
388
51
928
678
231
890
29
924
309
596
147
343
414
176
610
733
932
916
906
58
339
11
479
866
567
856
840
894
957
489
429
399
443
641
331
990
422
765
247
350
382
216
93
705
961
623
699
250
242
829
647
439
626
425
999
699
466
25
176
294
255
69
898
31
959
857
39
547
514
138
83
409
213
477
622
153
529
874
134
659
691
599
491
472
218
758
631
78
869
691
336
2
863
982
681
659
708
250
370
723
550
722
291
247
527
340
678
640
278
854
708
732
35
241
641
459
549
961
515
481
627
315
395
732
662
712
118
644
278
501
273
297
253
96
569
222
857
643
418
756
273
306
417
661
764
720
393
636
633
993
364
753
750
451
644
664
326
879
455
680
209
64
292
942
787
250
100
848
379
960
474
624
588
358
12
711
201
647
299
1
236
356
208
731
745
357
245
538
257
77
641
963
230
253
610
759
482
559
311
156
446
896
658
485
915
730
955
571
770
375
730
265
69
478
828
168
625
841
65
2
943
673
867
858
812
768
968
232
566
922
761
658
149
56
815
835
4
289
110
429
410
324
753
341
1
186
182
502
321
940
114
584
962
938
867
173
915
628
905
957
329
474
142
478
536
714
166
369
239
781
140
339
338
533
273
851
464
180
743
993
956
43
913
131
105
298
716
904
743
789
699
439
210
512
125
129
465
713
459
282
826
946
16
854
298
525
219
635
704
846
336
835
605
7
145
183
856
575
350
887
59
277
242
828
810
779
376
924
35
994
510
422
844
540
715
166
881
689
340
448
453
671
53
738
208
359
605
595
212
722
619
715
545
198
259
306
6
342
726
421
480
602
191
688
996
312
317
504
997
949
693
492
323
212
489
907
95
29
57
667
418
863
67
710
632
188
141
422
246
899
844
421
604
664
270
770
862
564
476
967
761
18
234
967
45
214
11
917
942
738
317
101
783
929
231
402
790
618
333
687
266
568
169
383
217
718
167
832
569
524
181
155
647
670
50
174
753
723
918
281
467
964
272
283
669
554
243
113
380
457
628
902
321
713
262
238
618
930
323
25
218
801
944
241
229
301
546
506
595
760
785
571
121
983
829
998
672
942
212
72
823
401
367
589
13
237
921
847
825
94
306
304
60
177
943
307
449
808
416
905
306
560
985
456
676
1000
177
707
434
312
97
292
852
129
770
925
17
192
182
96
836
689
601
730
400
544
25
845
114
833
116
177
810
70
387
716
593
148
319
422
745
844
529
221
225
989
342
207
200
583
598
558
876
708
839
477
414
59
517
121
881
573
155
339
125
218
314
795
514
221
552
864
101
245
891
917
674
748
355
810
461
33
593
583
960
730
560
656
303
348
387
108
144
618
324
236
226
405
264
48
559
836
590
62
916
371
618
784
214
762
845
380
399
641
359
659
290
51
280
432
58
842
713
767
296
750
145
53
41
701
565
898
132
917
287
127
576
22
719
84
339
126
172
969
860
963
250
677
780
478
366
89
337
846
497
796
621
23
590
864
615
172
703
41
878
236
458
782
422
707
632
386
413
482
542
278
265
726
824
323
301
89
438
212
813
841
401
473
435
549
924
985
903
106
239
74
509
86
49
190
315
892
821
687
691
564
771
596
123
739
855
16
185
715
722
566
350
920
890
358
853
538
630
789
726
382
621
669
438
231
143
611
111
317
905
426
368
138
571
861
199
501
446
662
234
421
603
409
853
378
669
724
170
419
181
480
503
851
609
931
526
159
797
141
237
977
832
367
764
944
188
240
332
354
249
700
99
67
773
167
40
950
197
580
753
12
349
49
207
906
572
843
158
746
28
461
149
131
2
985
423
642
522
115
723
353
982
320
321
479
329
135
232
696
837
381
394
175
836
573
155
323
569
668
97
313
667
334
45
538
583
807
601
527
825
470
762
188
697
156
698
620
824
93
305
799
937
846
839
901
679
779
441
625
445
770
917
210
119
850
819
415
6
69
619
816
242
979
620
813
896
34
339
203
726
966
499
316
358
408
392
518
190
298
167
791
174
132
407
30
243
403
630
455
509
877
799
739
211
682
539
980
626
320
99
688
511
154
656
45
851
995
690
226
1000
973
185
726
473
298
214
42
299
225
387
91
628
705
17
158
127
710
3
418
886
865
724
531
185
80
234
993
30
812
496
783
632
382
95
303
162
590
949
680
152
497
753
409
389
742
494
303
231
406
371
153
818
823
73
754
142
383
188
932
870
540
326
102
407
61
4
206
448
707
763
680
758
833
54
164
875
571
393
878
781
504
976
981
608
174
860
325
440
337
32
176
839
237
646
956
437
715
734
129
268
6
895
980
717
671
812
991
834
352
387
693
947
863
31
63
391
173
467
471
580
417
462
716
695
149
634
329
810
981
271
269
518
298
865
441
340
180
566
379
349
9
790
725
677
691
840
580
17
187
156
977
735
154
2
669
31
244
794
598
166
493
344
353
84
273
770
589
850
28
146
465
932
285
622
754
910
597
763
409
863
824
120
687
97
464
675
501
989
700
562
119
676
468
733
615
669
785
974
786
313
106
389
889
608
580
288
608
342
512
222
852
497
783
207
698
957
416
126
368
485
471
660
873
949
787
764
694
467
755
753
76
726
855
784
448
703
267
925
156
990
885
116
627
12
725
817
91
246
596
116
0
320
235
472
402
851
943
197
2
210
306
564
880
688
416
429
693
615
427
593
839
580
254
258
391
616
160
862
167
755
863
674
100
49
291
181
308
753
199
911
767
199
107
5
653
258
940
124
558
553
729
512
329
737
841
518
969
788
800
888
135
225
212
30
376
421
651
667
993
500
446
658
541
129
565
191
258
245
984
92
894
676
290
25
560
164
803
240
429
981
294
196
642
688
68
580
211
194
710
472
628
816
828
151
611
892
43
511
560
142
78
123
4
552
731
676
378
647
650
434
67
789
406
743
501
266
463
682
141
620
263
724
291
988
190
609
726
699
964
325
73
953
826
668
71
505
180
503
821
752
976
71
236
236
818
150
99
305
465
844
438
175
701
761
43
698
974
109
978
414
406
736
671
273
103
215
774
102
962
298
14
956
906
633
152
587
103
98
13
775
418
11
186
977
508
66
58
863
516
559
909
445
330
842
48
959
368
227
696
297
777
555
298
763
626
108
151
437
530
282
401
512
598
838
237
186
123
178
120
138
91
709
496
619
691
997
892
193
66
820
2
503
497
386
221
631
588
924
329
342
119
459
144
21
680
668
134
423
27
114
112
910
696
623
978
328
647
561
225
31
210
910
506
231
700
963
215
633
471
533
888
743
458
338
430
792
617
636
919
351
276
139
96
740
933
902
764
715
519
156
499
166
479
292
109
76
250
343
138
254
351
780
412
909
480
399
788
102
712
283
960
960
499
96
293
525
637
344
630
244
813
74
86
809
430
666
931
187
447
202
131
90
680
997
715
543
410
921
632
386
438
550
914
969
604
728
436
347
710
534
527
577
385
792
372
792
157
333
975
545
753
293
275
600
829
97
69
811
878
941
974
983
778
463
56
855
419
214
974
358
137
99
14
646
500
981
899
734
8
600
237
1000
724
218
505
460
677
780
770
524
186
910
520
492
903
201
851
590
661
109
878
386
879
475
342
886
968
330
349
377
298
704
338
667
282
623
30
531
749
330
265
204
425
795
209
517
801
383
842
791
243
87
809
958
730
801
426
894
448
248
38
127
484
462
640
23
566
276
913
881
721
86
936
235
197
9
830
575
511
21
189
832
233
745
753
698
926
379
956
391
127
70
615
328
654
603
783
880
400
150
793
96
807
92
393
583
927
457
305
145
816
805
559
378
425
824
372
622
956
648
402
459
850
604
849
408
808
334
102
43
261
724
100
575
71
229
414
267
526
58
410
677
7
821
264
240
571
932
151
233
961
938
105
771
280
114
933
328
468
891
440
872
73
389
395
952
458
607
303
983
603
930
707
578
399
945
612
78
304
760
839
117
201
756
715
759
34
402
783
172
209
564
894
449
176
711
365
576
879
860
941
402
544
309
555
603
218
251
956
135
607
658
58
233
98
772
428
754
336
372
891
317
122
776
604
821
369
485
353
821
949
882
863
96
347
35
168
459
641
413
187
76
277
152
88
942
934
203
841
204
196
709
571
814
172
808
992
507
252
781
293
610
919
35
320
894
176
851
431
901
856
213
17
489
295
457
282
899
234
553
239
552
311
601
625
77
547
784
369
636
22
736
970
259
974
306
320
353
548
60
111
447
676
270
993
464
214
718
647
383
991
477
43
38
953
635
950
315
904
413
505
622
895
750
59
943
894
363
717
28
37
287
513
542
567
600
442
664
103
330
771
422
151
147
328
491
67
379
917
467
226
829
876
449
450
625
340
802
28
454
720
643
17
179
550
194
847
284
455
164
421
116
953
495
656
675
250
797
319
123
709
627
704
626
73
265
247
299
466
712
467
861
269
638
934
142
653
509
487
341
289
304
796
432
25
306
879
443
823
196
212
524
615
982
249
285
131
788
266
292
619
138
375
325
91
401
426
40
322
659
345
32
577
750
351
744
951
878
979
78
270
452
553
799
78
89
395
418
773
76
941
795
475
673
312
170
776
10
142
929
136
240
394
888
119
473
551
779
726
66
128
394
574
614
442
740
319
257
325
726
752
317
92
785
864
799
176
837
589
377
235
618
448
812
503
473
233
949
608
42
829
279
732
139
867
957
489
679
486
764
836
299
289
677
361
944
526
884
317
430
581
831
159
342
510
495
717
839
351
491
75
3
41
241
73
985
485
323
185
580
775
389
816
592
885
632
728
775
457
961
392
784
370
94
83
51
386
480
780
757
824
56
597
411
248
504
204
266
105
983
61
486
572
240
261
895
849
807
89
757
489
176
512
418
21
79
869
14
620
309
578
302
86
642
900
362
940
976
710
433
441
916
745
630
104
582
529
564
910
831
952
115
636
828
526
963
400
132
545
666
63
873
609
392
132
570
763
255
47
837
560
313
402
712
91
926
42
138
462
237
315
876
626
1
34
604
727
960
138
971
207
805
37
493
987
986
433
212
978
11
144
348
633
183
256
31
716
775
561
39
661
341
9
67
582
64
578
200
665
207
429
220
830
303
878
68
49
211
614
893
523
672
679
633
310
683
85
625
691
444
673
810
121
85
27
242
474
854
401
690
541
476
8
666
122
274
427
323
721
16
40
546
488
602
150
217
512
217
487
488
344
27
695
309
442
512
184
551
148
645
196
980
743
98
413
242
60
91
959
407
845
242
593
899
763
821
147
358
6
543
557
867
25
818
812
931
115
661
296
753
915
371
295
941
973
51
645
586
810
558
66
83
701
766
151
736
71
932
435
18
596
474
630
192
744
206
998
953
201
627
392
404
918
409
849
709
150
463
238
383
466
686
57
932
658
684
934
206
158
84
188
919
457
212
121
190
131
341
530
636
109
691
74
429
101
854
440
927
4
268
379
189
811
124
338
374
186
440
68
663
12
526
761
461
608
392
403
990
178
488
753
421
343
297
957
262
53
392
603
126
413
9
58
656
799
309
694
26
344
844
716
1
121
843
357
384
666
899
191
543
336
36
426
551
670
86
30
355
204
526
457
452
790
875
75
4
54
517
65
437
71
698
467
187
404
309
372
233
892
35
960
140
120
306
733
576
647
883
579
971
880
622
270
647
931
718
321
947
296
813
875
704
956
616
12
142
384
350
148
962
196
133
791
123
786
93
429
55
61
497
312
998
713
149
728
206
55
37
75
676
189
144
636
153
144
958
403
872
842
144
622
172
311
358
44
253
213
395
834
713
914
4
727
873
647
911
542
889
180
401
495
898
225
617
445
864
663
985
92
494
232
909
320
426
251
960
521
454
82
979
994
37
146
325
799
491
649
875
245
241
157
529
188
769
648
817
367
967
170
491
624
628
564
21
208
917
379
301
809
622
672
14
972
711
287
120
870
127
620
354
755
241
289
252
48
249
992
679
493
589
603
379
809
626
291
94
822
662
195
185
431
25
800
419
846
86
44
774
471
923
309
570
761
621
104
223
636
702
325
932
486
710
350
989
885
469
693
156
198
331
248
714
924
665
333
703
232
343
552
237
498
961
407
843
902
256
499
782
832
641
466
416
481
934
923
997
381
298
804
492
892
812
663
532
706
456
789
501
70
12
890
856
179
281
339
460
371
324
473
440
724
585
79
461
432
596
854
770
832
549
31
110
314
446
473
49
823
123
823
988
677
743
781
431
404
734
11
603
996
789
192
925
252
362
107
49
918
952
7
712
300
713
145
549
791
632
907
697
266
96
174
292
811
881
56
161
958
717
864
744
269
841
595
479
131
407
620
558
814
520
458
428
800
813
415
850
398
161
796
152
635
638
760
930
148
990
44
428
20
990
381
312
136
35
799
354
118
991
83
966
380
425
515
904
471
223
327
300
382
623
28
983
810
992
972
674
337
14
9
451
999
688
57
762
361
805
377
834
625
690
234
904
206
267
514
381
340
269
757
813
633
583
123
807
533
870
441
927
903
274
482
982
711
722
703
341
914
596
383
400
214
483
724
420
319
743
357
156
764
346
721
970
383
807
994
452
959
932
717
850
99
565
949
148
773
237
915
509
279
832
980
776
797
786
420
564
882
412
859
821
516
115
406
899
165
821
341
194
199
452
306
305
21
386
95
640
70
130
361
659
894
656
721
727
449
216
872
862
631
13
490
481
485
135
998
905
809
905
316
262
175
203
766
513
703
696
529
808
581
539
687
825
950
819
88
206
751
171
855
702
71
661
586
783
870
682
869
660
546
737
469
291
147
903
807
797
99
923
210
631
680
722
968
470
455
635
744
336
594
394
956
271
820
687
445
266
246
23
845
553
16
487
964
574
308
920
930
71
755
366
444
745
776
140
499
100
983
717
867
207
86
574
781
148
794
123
300
487
201
799
937
18
360
443
463
205
393
547
704
746
775
200
211
891
221
145
800
150
214
50
878
134
298
122
714
413
160
218
28
758
42
46
26
364
511
522
967
479
877
443
355
10
869
663
532
859
616
528
153
120
575
829
719
106
458
282
505
384
317
284
308
220
994
46
379
669
734
899
444
2
269
88
251
255
230
404
70
7
128
814
803
574
584
542
391
162
935
192
718
832
797
137
848
250
109
927
23
949
451
885
98
488
593
472
459
748
363
246
890
375
352
506
773
525
536
187
930
70
248
162
468
391
522
600
19
145
1000
599
223
699
731
655
686
749
264
813
528
311
429
470
358
111
603
571
310
573
61
955
410
72
69
623
538
997
707
239
960
615
721
823
54
583
640
498
934
934
605
538
508
864
668
127
861
855
936
619
804
849
518
602
156
964
158
325
320
462
837
975
26
94
432
652
718
659
3
155
233
705
875
998
589
396
914
584
106
331
174
784
180
404
899
766
226
615
1000
965
832
507
136
505
588
939
827
211
252
361
621
819
762
659
202
784
440
818
62
889
260
47
371
27
783
153
808
231
957
919
65
287
654
218
533
341
613
537
970
231
580
373
281
632
652
224
49
236
89
991
979
275
763
32
419
482
359
936
351
281
20
682
586
204
804
813
553
858
229
73
533
205
8
114
253
61
851
769
491
329
146
486
633
691
776
892
83
326
578
580
43
661
504
753
988
176
239
947
737
932
612
97
267
254
400
24
203
435
116
347
91
937
422
735
946
901
312
996
14
19
924
42
163
608
522
25
303
393
593
629
433
426
20
946
689
650
820
734
917
61
483
842
374
533
366
716
593
925
933
379
935
721
545
181
511
758
955
568
684
53
259
911
109
778
86
900
269
27
293
775
244
499
791
278
884
476
759
537
366
975
297
305
574
994
151
317
676
7
45
626
821
404
391
602
997
241
479
26
53
293
19
478
798
799
384
836
67
95
137
785
889
501
352
854
372
763
815
935
399
664
344
169
48
475
754
148
573
563
944
602
0
106
859
37
857
107
190
13
899
74
965
670
213
388
763
774
811
199
7
940
224
797
572
227
172
111
251
173
170
994
798
833
674
58
326
758
739
321
521
307
607
881
92
576
109
65
837
75
591
578
112
192
724
945
142
777
137
314
728
271
269
546
70
165
540
221
256
309
512
671
332
812
491
15
322
875
526
172
894
522
416
711
377
138
572
81
996
981
663
380
842
58
34
883
832
183
206
486
921
515
228
533
454
996
376
836
659
937
393
301
381
54
444
875
317
431
759
813
705
680
673
888
303
70
763
653
401
534
447
402
718
305
992
869
595
624
647
481
652
688
103
648
258
923
547
731
186
716
6
153
970
817
406
657
219
733
888
58
960
942
786
553
835
411
204
71
632
645
308
616
453
691
748
973
890
467
523
452
749
279
80
879
938
695
529
693
181
244
918
8
941
15
155
636
361
980
607
116
905
507
745
601
884
374
967
275
295
86
940
377
651
741
763
672
219
555
342
238
667
448
353
47
312
116
585
182
413
930
789
885
565
357
579
45
103
733
471
615
496
616
895
423
160
691
871
352
853
894
650
301
618
187
931
575
5
374
271
332
546
337
761
391
116
112
465
328
367
144
384
943
820
557
652
329
252
348
932
841
183
516
849
135
402
99
201
482
362
406
529
157
879
345
74
855
609
336
31
878
646
586
747
574
561
406
519
822
959
576
450
789
955
59
361
285
976
229
629
104
168
491
539
693
360
189
478
103
77
111
945
311
648
480
463
459
763
279
163
588
831
574
312
865
218
110
4
690
793
99
96
405
55
15
56
404
724
551
344
944
572
281
255
863
171
80
719
473
168
178
431
146
471
949
767
560
166
437
54
41
68
465
185
452
612
530
122
539
122
36
350
962