143
61
729
595
433
89
302
758
920
1000
819
748
28
33
394
662
778
542
163
286
469
473
259
413
58
542
365
226
186
757
24
762
454
682
28
469
458
613
279
654
323
858
625
217
342
429
18
477
584
423
873
391
843
513
96
435
533
106
123
181
391
235
629
625
576
55
461
11
373
82
108
10
499
555
202
617
679
726
602
493
718
77
132
97
358
867
553
783
725
916
53
804
52
319
803
185
861
285
528
469
610
638
725
920
890
949
748
446
822
301
698
210
131
774
233
309
215
56
654
368
994
940
72
434
571
692
813
637
945
548
769
651
102
63
63
569
997
188
709
671
826
820
311
858
936
526
270
283
754
42
373
169
795
396
461
918
560
645
641
39
472
468
195
928
27
98
830
443
911
159
958
536
727
112
834
226
117
37
465
61
237
77
274
188
831
672
188
205
52
207
853
312
724
510
208
248
916
593
590
356
745
500
73
239
108
77
876
134
509
650
315
664
181
427
611
791
47
101
450
550
530
55
743
257
308
173
845
404
195
822
850
193
788
193
802
459
179
284
76
108
442
797
788
221
573
683
51
934
785
19
800
313
459
706
152
422
862
164
552
520
444
338
421
361
315
320
797
661
437
920
833
983
73
112
745
693
30
471
14
745
867
672
328
673
954
458
595
713
884
725
300
625
624
522
948
979
684
22
334
649
184
99
119
105
505
307
535
824
557
392
741
957
560
459
609
53
397
165
997
927
846
623
534
331
992
585
349
398
593
985
963
930
579
444
754
955
829
581
534
208
877
423
454
292
310
621
455
950
615
349
722
399
844
252
733
657
867
959
525
465
933
136
81
681
430
174
972
255
343
830
124
522
966
696
490
115
147
795
941
408
81
442
120
61
455
466
861
440
27
420
119
753
346
450
483
997
747
966
856
589
234
488
308
728
485
173
137
94
372
791
930
841
736
856
111
381
381
794
715
863
479
617
483
615
58
461
33
8
679
92
728
256
671
858
342
362
372
101
373
753
123
793
909
433
679
336
89
204
777
160
210
463
424
253
526
950
159
392
683
6
157
70
822
749
95
477
109
891
387
847
172
150
325
569
565
940
637
238
841
791
422
866
458
709
562
33
881
605
853
712
681
348
785
454
676
988
484
472
41
845
861
531
838
560
0
331
854
491
402
860
628
460
258
314
706
995
857
150
270
12
386
580
224
933
989
835
790
129
262
840
455
812
929
74
769
210
674
472
733
15
822
306
285
324
428
70
207
292
297
836
811
98
675
374
636
284
899
331
820
689
222
366
530
903
680
427
465
72
167
973
127
129
193
131
98
242
387
816
340
231
150
854
766
856
738
608
648
244
823
627
859
833
570
366
861
244
810
864
784
606
665
946
286
941
749
604
552
899
402
238
93
853
502
305
533
900
654
521
848
625
91
889
529
33
900
365
597
628
211
551
843
913
49
254
373
26
731
551
862
80
709
160
883
669
208
431
4
698
387
496
897
125
929
720
773
982
761
978
692
640
473
572
689
717
619
494
379
965
459
43
732
371
59
594
558
552
972
939
632
666
160
3
622
923
113
498
911
671
948
129
74
96
125
776
98
738
856
72
568
207
604
573
140
322
307
502
977
687
250
547
107
53
643
862
132
706
333
78
865
88
232
382
975
317
922
395
42
359
939
697
659
694
595
431
556
633
264
27
677
531
440
750
720
511
261
290
169
469
389
558
583
643
156
637
567
632
97
48
257
579
539
185
956
808
475
797
8
209
704
598
941
763
282
987
344
79
626
540
799
228
836
701
129
993
204
806
329
561
936
707
179
223
327
750
631
421
43
959
992
863
933
702
591
389
833
92
508
274
794
584
23
367
22
280
4
723
932
789
144
458
76
611
378
148
861
40
838
451
113
111
588
736
907
750
114
21
906
489
759
552
369
478
988
214
298
971
99
261
57
552
317
869
626
411
493
298
272
149
858
748
527
147
869
166
726
265
294
697
665
8
423
970
459
487
820
863
308
669
765
94
139
817
603
319
95
124
350
929
53
156
573
14
639
369
9
668
762
924
977
949
468
750
390
476
110
57
611
138
994
576
317
942
875
502
106
404
53
598
539
585
317
244
369
944
349
594
769
906
471
828
217
845
8
502
913
409
863
789
7
963
896
652
721
86
823
318
611
841
929
923
391
557
70
967
54
627
933
884
723
214
518
71
434
281
150
79
734
218
964
504
272
105
402
371
828
693
182
253
278
779
84
482
509
320
829
709
326
354
463
507
109
704
431
417
95
328
613
841
657
506
467
326
323
543
725
986
399
760
728
914
668
722
382
781
498
503
521
630
49
145
889
977
457
60
962
337
604
7
122
262
514
769
907
733
467
615
549
855
399
910
304
646
295
94
492
55
473
996
768
422
846
721
839
424
57
186
137
398
770
747
175
475
907
778
542
472
762
532
435
742
784
301
978
427
429
422
689
671
403
565
756
724
793
331
44
801
70
781
993
773
619
477
973
152
45
542
132
492
617
333
89
499
541
611
248
369
610
419
752
696
47
834
275
71
592
34
136
457
54
86
16
355
421
0
742
599
329
320
318
893
207
623
318
272
943
817
139
629
190
127
65
565
978
585
997
656
626
724
139
734
555
202
311
965
913
411
485
491
129
472
170
156
268
488
499
891
642
59
16
120
576
428
547
628
518
536
477
914
59
888
27
557
27
106
74
658
116
219
760
24
404
444
645
72
517
313
938
785
78
438
807
888
110
604
479
339
758
983
914
10
476
648
63
527
764
478
805
833
549
51
184
600
27
886
345
490
946
87
789
781
151
254
497
775
930
724
65
592
456
67
613
345
726
828
374
400
214
456
25
370
394
304
371
670
884
256
393
101
356
759
946
300
543
612
44
854
649
223
588
13
405
953
981
258
170
61
679
406
889
198
274
934
936
71
105
209
786
231
529
375
228
325
907
382
694
655
62
501
97
46
287
405
215
161
519
181
471
328
51
6
354
464
596
423
919
284
414
898
300
749
279
359
404
584
808
878
383
964
131
244
3
130
553
222
917
425
415
671
424
976
192
239
680
989
363
632
875
673
152
521
29
559
804
258
8
619
216
154
936
533
172
222
647
681
687
338
230
283
758
740
810
629
195
813
387
448
114
100
950
921
106
655
294
629
519
199
19
110
951
620
412
625
70
318
702
408
910
256
928
517
499
38
884
324
88
614
300
679
82
840
475
394
641
266
891
275
724
814
718
533
572
656
345
595
954
898
863
443
397
248
73
623
152
638
486
994
196
802
294
678
391
563
750
52
506
208
902
427
814
105
133
400
158
769
912
805
858
703
981
89
994
989
26
796
923
729
517
543
699
740
553
3
639
913
684
128
171
611
596
84
596
74
544
183
369
539
487
402
528
616
940
670
303
165
523
3
325
305
699
521
376
473
693
549
193
504
753
248
605
724
635
351
167
627
453
428
247
569
653
289
731
331
417
685
618
653
401
366
368
32
446
917
995
10
632
761
122
4
742
314
197
155
208
812
855
721
623
789
391
699
708
46
441
24
406
488
633
411
702
439
296
273
872
2
516
232
559
140
38
803
491
276
841
318
570
338
212
841
451
877
466
498
142
214
215
288
489
328
208
888
615
232
170
816
834
487
32
899
98
786
714
327
89
297
913
86
282
468
898
896
976
834
739
261
425
882
292
623
168
234
253
942
935
366
636
195
820
49
159
358
925
749
629
351
935
565
438
1
549
758
418
169
776
143
433
543
682
485
663
472
559
51
292
410
579
98
193
633
180
505
655
949
761
756
825
338
904
566
693
409
505
37
856
508
226
639
18
893
87
782
145
116
389
983
392
418
634
993
633
429
691
834
740
169
336
55
949
725
937
604
548
571
157
478
235
86
370
392
284
738
963
96
370
362
699
916
329
774
901
582
740
605
690
191
682
212
661
164
664
253
458
473
333
940
183
948
467
319
54
246
553
210
631
558
264
250
428
525
527
985
562
270
795
907
481
966
15
401
868
795
622
901
597
151
84
723
307
445
638
822
928
754
330
571
158
279
751
422
635
725
403
897
885
765
342
157
761
997
207
747
203
997
83
713
156
271
257
265
24
262
14
498
319
456
658
520
579
192
652
411
890
291
679
310
294
972
668
171
276
146
325
727
771
83
201
502
689
259
999
113
205
906
138
935
669
828
45
531
599
682
667
220
30
422
619
467
115
536
954
861
941
496
841
557
290
113
361
691
987
365
923
338
344
611
421
835
476
559
361
515
977
900
257
968
282
643
791
734
314
844
671
360
286
840
273
952
713
392
746
652
642
161
342
576
441
420
768
12
938
720
195
772
711
624
653
700
760
201
521
661
628
618
116
71
892
613
952
50
609
44
480
884
676
815
524
848
837
719
103
744
147
196
720
171
842
533
26
940
862
394
719
909
595
54
602
716
241
251
810
155
877
640
625
345
167
673
400
336
293
439
687
259
758
119
418
693
796
537
365
549
56
676
475
199
622
726
566
170
398
562
119
54
18
409
635
519
112
295
352
911
627
896
536
752
583
226
860
853
483
487
274
246
368
931
20
818
14
250
857
294
665
654
351
291
966
144
597
884
414
131
673
347
161
276
348
439
867
412
830
197
515
523
8
764
115
12
71
457
233
181
557
756
878
492
962
587
674
119
254
4
456
93
842
564
557
585
148
266
809
370
607
864
415
654
598
392
484
502
281
768
568
98
63
260
269
749
184
771
828
61
267
977
936
732
311
34
618
302
585
158
598
456
202
958
388
91
125
967
958
184
409
571
709
808
154
77
0
689
700
572
514
865
97
37
846
713
302
560
629
942
54
352
569
596
485
224
491
118
717
188
887
653
705
12
200
543
961
601
243
703
892
885
378
392
660
808
897
389
109
909
590
993
176
975
355
871
976
169
383
200
403
85
134
484
290
761
325
200
903
210
509
989
775
907
39
805
607
941
52
240
36
661
647
885
415
34
126
862
230
933
919
592
193
568
244
619
448
361
191
89
288
852
578
842
481
526
133
886
983
863
228
727
400
731
608
153
97
716
202
900
874
787
21
291
195
758
723
885
698
425
397
79
104
562
189
878
348
682
582
658
982
152
156
118
200
419
269
807
307
499
825
576
334
695
917
743
906
746
667
283
796
68
242
751
145
782
958
368
180
869
780
815
64
144
477
690
77
353
881
930
676
161
676
84
819
946
146
977
717
599
781
908
777
56
592
746
199
79
675
886
5
213
635
685
997
817
737
624
642
387
982
346
826
95
59
242
688
670
564
930
165
931
831
790
866
910
16
974
890
332
692
494
421
167
10
794
654
628
632
460
920
973
106
592
14
942
255
874
693
977
356
608
915
248
622
583
485
679
256
759
535
743
617
776
364
762
476
956
135
703
382
338
334
488
580
372
968
594
582
489
308
943
656
394
899
238
327
885
590
25
404
283
854
361
997
44
348
338
728
140
810
183
487
917
500
679
710
674
391
751
708
160
461
916
270
207
516
690
88
449
202
728
201
315
508
701
804
97
101
893
297
432
257
365
573
440
44
518
453
254
161
843
400
194
485
873
867
150
347
797
571
792
97
424
405
765
775
706
499
781
147
350
975
134
258
46
87
208
932
56
126
189
31
715
27
979
467
909
397
897
313
577
954
307
736
739
121
501
665
109
338
863
453
732
779
41
624
798
960
301
363
984
395
896
442
991
368
783
411
663
614
926
615
380
244
622
826
533
331
744
136
305
558
133
33
151
520
596
55
689
267
779
125
653
134
254
699
621
47
245
410
548
629
283
382
771
37
906
884
212
756
279
947
497
716
750
446
438
221
573
886
716
208
951
475
413
19
172
98
590
976
410
629
311
830
111
324
275
921
254
862
809
569
931
52
316
574
818
531
806
773
912
486
175
432
783
362
662
129
810
729
328
562
16
549
990
546
401
264
84
442
166
458
504
740
868
310
311
713
111
709
717
303
97
703
351
942
343
881
595
613
59
157
670
266
587
655
480
566
603
463
804
28
706
205
545
973
152
271
662
251
202
511
702
104
758
558
888
797
883
623
221
922
961
252
142
411
701
1
919
196
196
864
731
594
983
32
168
301
259
709
498
31
265
493
477
556
113
394
590
201
195
89
316
787
740
420
24
734
110
806
351
0
297
877
847
536
516
181
636
469
51
869
962
238
2
182
415
36
820
110
209
735
617
817
487
52
261
47
192
698
777
10
953
996
275
306
308
222
601
702
725
647
158
317
249
775
908
397
475
825
98
19
768
420
188
7
351
297
266
312
780
529
606
319
170
661
93
813
122
373
369
381
912
987
550
210
509
475
103
647
631
298
867
424
475
824
768
903
864
128
302
179
429
911
178
577
743
960
245
828
169
24
783
106
823
163
908
496
896
104
387
899
674
408
311
703
357
71
34
398
396
95
575
647
861
916
629
269
401
126
75
56
35
680
285
32
45
496
854
420
776
915
591
342
166
133
299
670
363
800
802
521
937
829
240
249
259
294
706
526
90
860
778
416
169
543
914
730
963
65
940
0
912
901
244
147
652
299
197
294
588
394
850
18
959
521
260
484
375
505
33
461
197
719
53
564
346
226
104
875
785
716
779
627
363
617
932
266
506
854
773
115
652
288
950
634
326
236
771
529
964
401
808
214
936
239
409
150
782
895
943
615
360
977
317
871
173
110
747
866
31
873
506
683
97
976
210
579
863
214
351
432
637
440
3
181
52
709
990
538
912
51
38
606
156
154
340
641
221
40
852
558
663
270
154
659
291
568
640
457
78
273
583
7
230
596
582
162
473
898
485
462
339
689
620
125
15
506
147
657
920
338
451
425
185
556
594
206
809
115
113
309
281
75
703
574
921
149
810
729
652
195
631
699
779
629
852
549
495
199
520
659
102
680
257
885
390
641
813
67
780
333
43
669
962
624
433
519
776
768
385
199
126
678
304
297
646
792
168
474
481
104
303
425
816
68
131
435
669
953
826
62
124
464
86
946
336
652
996
617
415
901
293
428
572
679
253
943
954
403
300
652
639
875
934
947
631
687
409
644
804
368
486
447
522
97
49
582
549
541
279
33
667
469
256
641
724
638
475
38
959
7
53
209
57
761
800
512
692
676
257
109
968
525
685
333
372
667
364
146
305
380
210
770
695
97
887
43
538
872
720
217
224
177
499
759
312
775
581
739
512
942
120
612
211
979
955
798
338
234
628
736
211
76
894
78
317
790
217
799
711
488
326
841
961
152
764
948
138
161
150
61
426
598
400
90
704
894
447
880
536
481
405
428
813
69
709
721
787
499
180
451
977
104
986
321
21
342
459
707
437
48
69
289
46
291
813
689
706
59
740
870
592
248
160
996
634
551
170
267
361
971
407
951
87
665
985
637
308
558
821
464
70
972
525
248
51
106
75
509
774
782
635
378
801
65
809
722
904
487
755
173
700
791
606
564
574
859
441
433
409
876
445
201
602
318
36
555
128
491
718
886
551
520
778
630
655
260
708
221
73
179
967
802
44
939
826
495
838
399
198
580
891
776
928
429
261
195
433
830
962
985
298
88
193
833
334
827
15
990
449
541
140
872
374
723
626
986
697
70
654
498
654
461
740
3
372
628
923
435
784
942
520
871
766
696
754
303
221
707
754
736
356
677
872
371
764
179
507
35
629
893
607
312
61
181
458
980
929
654
447
269
995
88
797
358
96
641
499
16
271
553
138
523
829
224
490
884
932
565
678
311
136
625
830
297
460
715
807
773
49
128
458
188
829
281
106
835
851
423
758
810
82
326
220
748
131
114
601
521
947
808
251
146
682
660
70
318
149
612
954
780
410
578
887
477
457
701
887
985
248
587
877
722
219
834
878
800
639
388
526
203
277
124
266
746
789
802
36
417
442
69
370
4
113
470
699
15
44
894
895
697
690
544
658
435
39
359
783
164
282
9
279
140
56
961
321
824
703
786
692
728
846
151
514
291
181
628
921
894
514
732
195
493
576
392
268
345
476
811
491
48
282
274
563
805
683
848
972
154
76
371
962
558
139
390
828
485
530
897
650
157
710
492
721
220
376
397
109
295
837
495
216
590
453
869
467
804
771
799
768
429
277
567
844
643
737
924
788
825
68
968
529
962
732
263
76
560
110
40
516
615
938
735
228
688
801
919
1
786
507
368
200
526
668
921
211
739
121
189
206
261
630
279
140
975
358
170
580
917
134
180
876
80
116
936
748
223
251
955
638
329
788
24
871
822
559
43
135
984
453
990
780
412
674
939
248
281
750
250
695
68
821
647
135
816
395
334
468
183
429
853
275
828
166
442
573
454
546
979
645
758
547
963
430
423
137
756
624
431
812
796
190
591
947
521
30
236
711
325
826
626
336
235
604
192
206
568
204
217
398
237
942
392
92
51
382
226
262
268
932
79
399
272
439
273
707
297
569
188
449
281
795
670
545
519
651
780
183
995
227
493
768
288
972
567
267
890
342
532
96
441
974
109
275
830
415
704
794
203
710
560
26
692
448
117
962
384
178
969
537
30
875
391
53
590
96
415
602
21
588
687
192
558
808
620
923
653
434
819
881
669
357
535
721
640
875
414
536
992
38
376
766
943
852
785
244
512
980
466
44
986
537
670
484
478
495
48
869
202
159
348
753
110
828
78
940
307
942
544
528
873
888
614
434
785
421
87
127
178
802
498
873
995
889
986
831
925
770
281
47
376
185
875
50
954
845
222
177
905
246
469
520
782
675
994
882
733
667
626
191
589
695
50
661
444
686
239
909
476
484
501
752
907
951
663
687
370
322
995
656
921
94
660
356
917
65
506
358
106
473
263
849
219
808
266
430
765
32
595
326
289
861
482
14
410
292
380
126
395
0
329
844
169
712
113
896
884
121
392
594
724
899
979
547
79
695
731
920
532
70
568
723
241
393
742
847
748
207
156
655
617
825
60
888
768
289
845
199
115
236
104
976
575
901
717
215
325
449
206
624
347
779
14
836
607
400
863
737
651
922
813
97
734
981
54
981
723
148
371
555
980
612
356
630
624
371
180
258
175
178
435
891
259
321
941
810
594
196
779
663
137
711
901
400
70
657
205
26
223
793
387
833
439
939
691
178
834
934
480
772
760
677
244
471
190
717
460
908
161
850
662
64
431
499
508
776
684
855
569
861
345
691
690
129
459
290
187
121
181
207
34
612
871
540
665
193
167
800
13
118
254
218
172
325
676
578
340
572
862
895
526
246
322
323
219
934
253
886
915
949
888
90
874
301
785
214
444
964
66
880
356
53
93
548
827
553
696
566
352
536
511
305
285
992
291
503
129
347
75
394
388
77
565
281
146
36
736
314
326
486
628
895
521
36
725
151
503
275
359
605
192
85
176
282
588
634
110
659
720
348
623
491
555
682
447
632
442
550
152
161
143
911
357
389
771
909
722
475
743
302
274
446
52
376
320
810
719
262
45
545
840
41
454
657
107
479
704
149
40
972
437
222
355
85
484
496
421
445
957
416
549
708
721
271
116
483
817
373
562
195
746
545
480
846
344
745
855
846
624
229
226
272
227
275
415
176
424
879
875
702
279
397
648
975
987
64
255
645
867
784
197
987
559
543
267
740
446
528
228
422
676
694
443
510
224
436
646
846
413
366
477
670
602
342
959
43
793
76
367
713
590
745
670
659
364
20
704
312
156
579
29
489
164
184
31
158
849
49
398
867
666
820
939
344
455
332
740
5
877
375
823
895
473
496
88
0
489
978
151
130
594
202
256
868
181
902
200
524
466
215
876
430
88
651
798
666
149
920
34
808
588
883
83
983
991
910
628
707
578
568
182
646
400
426
741
141
411
792
128
267
32
527
482
765
544
715
979
272
769
696
894
196
58
170
861
310
787
942
998
909
899
337
530
177
809
937
22
927
317
857
223
112
523
14
598
613
609
160
966
530
439
444
777
356
935
87
19
267
763
264
441
115
506
472
729
645
702
28
235
616
152
421
35
854
846
643
213
620
699
282
917
0
184
846
255
549
896
349
140
72
396
399
9
270
310
392
236
105
894
978
950
182
853
437
737
151
729
256
27
514
979
832
250
727
110
36
80
567
643
956
332
268
693
739
448
133
552
413
387
776
558
922
735
803
896
968
952
130
797
48
414
672
246
265
46
788
204
243
428
110
408
733
421
939
370
505
656
38
754
293
176
481
670
933
824
860
738
766
794
837
310
982
845
471
584
3
696
541
781
367
336
970
600
628
743
264
780
534
343
493
484
15
663
777
251
957
349
415
284
68
416
948
497
853
399
398
408
683
786
323
892
343
378
256
217
608
778
282
732
207
346
996
184
155
104
748
908
283
379
162
677
114
742
586
686
776
854
627
417
579
834
901
216
511
31
70
113
377
473
992
765
254
940
286
844
850
178
785
906
818
595
73
822
22
551
555
947
196
930
517
125
419
207
43
72
13
644
352
768
468
553
305
652
395
552
411
7
775
269
572
585
608
946
882
763
840
567
615
840
927
790
899
26
959
492
14
866
70
260
585
73
27
223
532
623
132
549
264
522
996
233
676
1
900
204
77
168
10
817
457
651
522
940
67
456
847
930
595
439
273
860
425
22
15
233
419
853
801
649
199
357
344
502
749
202
828
577
734
3
729
803
631
850
615
668
966
714
184
739
455
375
8
378
677
221
655
649
931
477
602
110
48
529
582
912
269
93
494
364
136
233
707
377
963
668
738
945
598
546
707
294
227
663
193
283
514
256
647
49
32
688
280
437
990
389
882
786
891
932
80
795
168
751
533
675
663
685
772
926
885
370
206
970
753
255
470
786
859
660
782
654
486
454
470
554
237
564
519
950
739
456
831
230
970
852
372
75
375
87
795
864
56
839
725
602
32
700
456
159
890
38
999
577
903
900
574
872
906
448
882
500
298
194
266
803
987
574
197
605
340
366
243
879
898
205
402
198
469
912
298
805
152
541
23
591
780
619
363
572
506
351
529
480
397
557
133
92
660
200
938
637
432
505
942
802
543
143
536
341
304
243
537
348
875
597
615
522
259
848
987
324
364
743
937
286
902
537
83
843
157
832
353
760
621
849
811
327
844
375
462
393
626
617
677
413
827
710
395
472
915
46
845
438
307
253
262
864
676
104
838
271
479
858
238
739
341
633
380
178
957
208
578
81
175
608
381
208
21
304
211
88
353
276
740
354
131
849
998
979
985
734
264
768
224
325
351
569
288
901
650
190
994
171
634
77
108
525
216
12
849
567
134
578
231
83
746
457
792
177
751
132
317
186
423
756
238
387
285
33
451
726
402
113
330
574
14
696
683
790
452
8
176
982
212
543
92
956
501
724
802
234
967
888
848
391
552
777
534
233
687
932
931
770
846
447
778
671
916
539
277
807
61
260
168
826
459
923
195
742
656
406
669
22
533
296
284
281
287
935
666
717
803
280
43
981
2
241
937
70
406
717
302
993
978
661
676
29
566
22
255
765
766
278
283
821
172
50
87
345
149
133
623
626
80
660
784
205
427
254
869
588
564
830
323
126
49
192
167
956
795
559
606
709
594
132
620
452
353
372
555
308
309
216
787
273
66
11
322
812
522
941
714
176
543
382
175
369
187
436
160
151
415
679
537
927
849
900
615
183
2
561
768
753
81
8
584
489
655
295
275
336
164
637
250
88
838
274
567
572
5
263
960
582
335
858
220
472
531
711
259
313
594
401
510
368
433
220
178
543
867
360
392
167
39
515
627
54
576
372
92
171
69
722
109
206
865
482
280
576
815
741
870
718
909
649
220
948
627
696
910
859
340
782
3
70
225
632
562
409
53
316
785
235
993
314
8
118
529
259
753
377
913
471
465
809
251
785
166
504
53
477
792
620
378
823
428
219
491
709
400
649
59
179
321
479
621
878
540
501
5
545
347
317
698
240
907
181
733
302
842
448
365
611
36
561
385
905
897
515
976
566
504
760
735
910
199
540
715
885
939
728
850
162
824
961
344
273
516
461
358
414
688
663
289
631
185
872
868
989
687
324
821
436
739
293
691
308
228
835
862
158
865
985
429
506
565
35
973
323
307
452
557
955
502
860
742
761
270
491
393
621
756
296
213
854
697
54
433
11
521
967
48
759
128
570
611
963
271
41
741
994
387
910
936
433
113
394
490
663
307
806
507
538
519
772
66
205
471
745
914
613
84
659
109
264
787
549
137
339
530
959
501
935
335
9
66
261
403
845
617
426
206
939
607
915
841
209
758
161
928
77
484
65
122
478
747
26
768
944
701
932
112
151
945
242
771
303
40
707
926
482
377
403
494
36
318
64
558
661
894
119
378
854
148
561
220
863
827
199
749
835
509
825
284
210
366
379
20
612
618
62
159
416
618
559
588
669
360
307
0
64
545
541
938
43
156
336
267
435
369
304
283
599
896
138
133
301
71
140
923
852
396
352
801
524
324
636
832
104
123
277
365
653
646
332
452
991
178
606
446
11
318
891
629
557
968
783
104
689
158
484
332
570
415
333
582
607
807
556
606
545
884
529
802
428
421
819
63
978
750
732
182
484
537
804
73
281
976
14
389
444
36
815
300
482
655
319
576
234
550
525
607
27
40
551
655
270
686
906
188
86
897
491
503
135
961
554
730
65
933
830
565
693
925
630
853
707
115
789
456
944
234
544
773
156
949
876
840
753
118
827
752
857
613
108
376
253
72
175
940
904
984
175
242
551
440
576
132
735
708
84
681
935
518
70
997
125
979
860
122
798
637
945
391
692
236
947
129
839
906
62
326
524
293
251
754
979
83
869
693
293
960
847
31
895
309
702
555
86
181
642
805
223
752
379
600
206
72
190
410
324
681
741
388
179
498
591
868
823
708
612
524
143
230
560
479
344
605
750
399
697
6
570
491
838
334
696
263
590
489
745
336
613
232
792
905
413
199
360
380
53
318
532
450
279
717
542
524
342
41
175
202
318
369
891
92
679
456
576
958
877
497
961
436
524
179
975
89
892
283
396
763
77
18
389
607
262
471
394
32
973
291
702
649
421
164
151
552
731
535
254
609
911
873
596
640
743
964
425
153
404
257
173
254
487
197
664
795
522
707
65
974
804
817
455
177
832
606
80
982
378
261
822
27
107
858
920
690
862
693
943
817
458
412
911
398
353
751
331
166
768
716
981
289
737
646
322
338
983
92
662
946
409
62
566
212
282
292
834
438
887
419
575
687
228
868
524
328
810
715
487
479
132
647
734
252
73
919
629
148
324
562
658
672
773
550
535
455
853
121
311
342
169
951
179
340
286
99
591
257
431
175
819
831
513
824
493
529
142
737
177
308
976
498
736
198
847
436
462
304
829
74
486
172
359
211
681
138
635
908
311
633
146
335
443
101
842
852
379
580
197
786
56
797
164
348
273
559
679
829
174
870
751
215
923
399
977
299
829
615
169
560
278
505
799
588
269
954
376
483
560
586
369
372
322
697
377
757
99
895
917
416
248
197
859
81
818
698
121
203
621
583
433
87
222
588
375
924
158
275
551
8
482
288
33
692
556
459
288
370
68
390
94
535
685
953
218
374
11
891
560
401
109
883
638
262
507
275
309
488
391
807
123
105
245
391
382
779
513
322
75
27
682
24
967
942
783
248
217
54
887
921
771
534
474
545
845
561
754
443
739
67
0
408
990
207
522
936
16
562
90
641
62
338
456
407
542
612
250
345
740
433
934
31
292
954
964
254
491
737
184
270
520
798
86
673
22
512
379
812
478
120
971
463
961
688
364
677
123
250
395
506
87
923
929
9
145
418
803
827
21
846
115
753
884
890
347
626
551
178
348
497
154
390
444
118
96
649
31
897
601
501
205
381
333
170
461
699
440
967
269
727
719
978
174
391
485
232
341
647
650
595
380
248
209
432
150
317
717
128
458
578
23
927
590
839
888
450
499
916
302
987
873
85
704
812
1
919
622
933
69
217
768
538
737
117
66
245
142
829
311
881
552
455
974
320
178
434
471
212
88
828
644
204
381
258
124
612
960
441
43
242
981
214
857
187
723
737
608
260
180
634
658
352
770
415
859
832
246
910
203
697
981
552
423
254
841
842
16
939
925
788
123
47
915
797
482
647
881
811
570
174
813
408
534
467
142
211
296
382
49
302
611
463
17
125
718
261
555
955
290
960
264
80
639
692
191
672
788
763
601
556
895
872
451
290
367
116
648
823
152
783
877
740
293
634
76
963
871
7
598
395
859
403
88
950
647
162
148
79
8
733
505
733
699
401
69
231
422
542
612
764
995
637
460
665
852
211
172
950
265
13
116
642
962
554
513
337
140
326
758
195
777
982
420
112
327
491
913
572
624
603
240
204
583
8
332
184
897
680
541
718
441
537
141
437
72
839
974
673
714
403
723
232
713
999
2
754
214
619
807
968
899
211
740
109
865
890
267
147
164
940
61
873
644
596
914
917
380
383
997
924
7
966
354
648
349
650
609
708
712
101
273
417
248
665
926
777
452
559
257
0
429
210
168
14
380
521
622
726
999
309
823
915
380
373
114
449
120
316
504
269
176
802
900
811
561
329
209
499
386
639
581
86
690
494
469
227
935
99
79
255
667
389
931
662
805
886
416
314
305
91
706
225
611
597
298
949
857
245
874
22
704
82
620
65
799
367
138
839
385
567
495
4
429
432
639
37
977
901
695
700
646
636
911
596
960
661
942
920
74
971
857
482
24
563
785
827
651
618
464
296
798
500
382
655
987
160
795
804
38
944
23
831
612
868
588
503
586
799
662
109
558
332
401
809
964
370
633
782
395
613
131
988
37
416
823
139
729
335
283
280
817
530
235
857
611
464
547
655
617
204
639
616
679
740
223
643
813
19
405
212
626
343
468
793
993
661
13
766
483
667
343
451
413
770
838
617
423
18
301
449
33
957
872
26
576
927
44
478
899
924
698
333
679
472
105
664
686
621
635
319
927
355
470
797
666
992
618
554
969
639
432
630
555
490
773
399
422
282
417
710
602
699
89
392
51
604
755
586
812
775
510
743
925
241
499
566
366
750
749
286
500
558
562
623
491
340
850
849
610
680
323
526
928
933
222
84
953
43
602
832
586
189
954
12
934
984
286
876
146
38
729
957
525
54
452
919
826
620
92
976
335
897
893
702
843
710
350
286
195
930
427
681
227
476
615
541
735
906
659
284
731
745
688
519
900
515
382
316
199
831
387
561
659
475
633
288
544
886
978
570
484
15
600
182
272
600
766
156
301
224
879
329
346
869
756
517
248
160
484
662
544
641
117
70
111
70
80
777
233
114
690
42
901
438
86
492
893
514
338
18
250
200
323
861
284
373
619
535
622
780
413
769
13
829
439
609
178
873
174
917
29
152
606
315
479
258
284
184
922
419
421
516
219
692
559
819
649
420
154
556
607
537
49
663
517
164
228
772
337
603
107
669
406
178
259
589
654
519
354
314
5
379
798
176
956
299
954
148
350
524
670
51
965
487
137
655
301
506
625
5
413
319
157
483
304
276
149
994
574
394
509
384
219
690
518
145
303
842
635
105
420
751
401
854
177
192
308
697
516
139
166
326
168
907
56
696
34
130
117
201
420
761
431
943
514
832
545
251
384
813
239
400
920
32
650
476
991
356
752
600
737
940
861
24
387
259
752
605
927
994
72
375
619
837
784
799
357
674
722
40
482
284
48
690
455
67
718
286
970
930
731
647
117
831
27
714
485
842
423
430
507
721
815
600
421
301
347
78
176
170
161
768
842
265
479
509
438
537
774
852
136
950
131
314
289
192
395
358
728
218
218
919
24
220
428
891
173
776
379
140
60
80
685
471
800
404
772
160
917
734
829
375
706
474
275
7
296
529
863
296
735
32
605
116
798
980
774
827
741
839
945
547
62
620
655
394
919
296
899
169
735
139
731
775
840
139
435
620
582
205
711
567
81
425
414
897
614
798
94
444
206
360
818
104
529
776
111
278
733
282
304
529
651
158
527
905
266
442
492
64
143
392
951
850
465
573
647
543
252
649
326
555
68
716
596
428
440
298
848
898
578
572
114
963
594
73
647
899
894
56
578
430
396
510
604
238
372
289
160
384
803
338
150
376
807
644
544
391
100
565
551
875
643
221
905
626
106
939
803
187
884
599
856
283
496
796
601
979
138
869
959
239
620
976
124
498
968
527
26
363
426
614
841
20
52
145
709
198
535
113
379
676
954
220
579
321
403
343
271
43
313
560
507
679
26
502
35
87
622
727
985
142
104
603
427
481
243
280
129
530
298
157
343
41
760
967
338
151
13
450
663
78
37
744
998
84
406
225
528
355
921
312
529
385
115
701
756
288
18
56
611
723
93
701
299
103
419
717
78
545
0
194
150
691
832
32
625
878
637
502
475
218
812
754
638
580
769
710
981
318
979
608
34
647
655
439
183
69
430
486
274
111
238
952
806
160
449
489
745
112
295
857
483
310
130
27
103
213
340
347
672
743
73
93
165
615
790
875
510
720
461
311
143
630
487
802
987
373
241
183
846
782
229
355
550
897
275
603
286
53
683
692
559
331
82
575
941
97
122
944
947
451
549
619
359
908
69
231
209
3
938
969
13
304
619
777
313
521
219
326
323
420
298
757
886
227
23
331
74
21
154
353
119
508
460
981
428
715
328
863
799
31
161
456
238
0
54
18
225
438
628
330
930
877
943
703
848
688
292
323
724
781
673
69
301
495
246
97
96
129
967
222
392
53
876
123
192
15
153
705
862
767
130
333
250
541
923
108
694
27
911
697
235
971
179
861
656
630
193
125
805
859
438
701
500
964
340
876
522
312
374
1000
473
292
405
417
38
163
255
9
974
489
37
26
767
499
757
827
730
248
483
361
919
722
11
422
914
860
45
748
413
167
980
323
515
574
91
708
518
559
379
919
827
261
981
32
824
197
791
557
464
541
974
424
150
16
852
649
42
639
501
36
363
375
223
119
269
483
898
523
743
217
746
124
232
1
808
537
989
410
92
859
284
470
142
583
881
656
196
18
845
674
945
312
544
288
880
939
438
833
634
642
311
396
161
352
696
233
305
881
358
992
255
525
534
611
983
527
560
799
747
443
821
868
347
29
683
942
851
604
374
33
869
996
180
616
192
903
561
971
883
750
781
850
731
20
562
807
97
218
53
443
674
775
516
187
517
306
577
619
881
443
608
519
577
337
916
694
626
949
568
979
242
64
834
153
148
797
79
339
272
421
666
723
23
368
113
914
154
89
119
534
352
605
507
953
169
176
144
309
651
684
139
497
833
776
591
41
592
593
547
965
246
557
16
290
406
456
726
624
383
801
58
651
125
67
381
576
810
26
958
245
333
947
84
3
78
203
667
785
977
702
671
286
561
751
566
346
455
616
350
936
312
814
88
556
922
786
858
375
874
594
59
485
361
928
765
937
552
804
150
124
234
378
40
208
373
690
855
241
258
542
679
349
5
593
515
696
703
528
459
510
992
860
378
653
990
668
800
273
554
864
748
310
484
693
582
796
647
597
320
591
224
386
567
407
98
205
929
386
58
533
873
894
951
980
670
509
61
949
76
211
753
403
668
645
382
845
202
336
406
437
872
321
52
783
93
898
500
377
753
345
65
735
319
171
118
49
353
164
168
4
397
847
356
398
578
151
173
558
899
291
229
838
236
992
465
122
929
986
223
626
425
50
126
343
22
52
964
751
632
971
290
801
977
364
565
287
188
120
930
545
351
845
225
222
88
598
909
737
52
769
308
382
660
288
0
151
729
979
910
875
625
702
101
925
457
31
91
183
443
114
402
698
677
574
172
163
822
957
337
113
516
673
905
425
908
594
120
943
782
747
634
230
8
982
563
429
461
954
432
95
608
339
696
898
299
913
710
601
265
453
690
204
36
30
671
694
313
823
996
597
301
735
470
640
403
151
471
548
694
246
562
423
987
621
65
939
507
483
287
442
473
416
349
512
604
693
524
573
38
218
471
597
443
630
757
827
185
45
319
580
961
627
48
47
168
267
240
639
951
538
631
702
492
473
477
602
647
698
455
475
76
783
4
402
155
558
511
192
203
340
505
501
335
851
618
144
802
73
649
538
717
59
643
166
824
273
664
497
266
434
205
386
798
325
281
951
28
175
218
425
319
177
743
341
567
431
59
469
635
570
187
140
190
552