771
340
405
73
89
487
712
214
779
523
767
452
618
874
202
16
902
989
590
489
780
875
535
809
371
839
767
80
158
365
399
191
445
915
723
450
958
929
339
220
958
607
702
421
645
979
325
378
276
547
905
740
405
565
968
773
76
459
799
94
791
212
129
956
202
676
84
406
683
269
410
541
18
807
989
941
615
599
521
520
761
716
263
687
793
995
823
209
596
889
39
837
323
269
441
797
732
877
599
311
654
49
486
522
200
738
502
365
798
663
248
475
555
329
583
731
687
918
701
394
249
507
768
285
521
543
618
954
523
225
874
781
455
340
576
701
854
590
821
420
902
161
353
51
655
182
454
518
19
608
732
597
269
934
729
233
49
976
961
828
214
540
905
275
257
475
137
488
844
110
33
185
661
455
690
12
550
113
27
412
545
821
293
836
835
476
987
219
792
400
571
306
656
625
132
771
541
463
607
334
729
744
992
668
86
964
816
862
919
13
597
856
68
401
164
836
894
149
374
587
49
310
145
456
498
80
587
698
751
112
110
974
561
334
73
440
213
312
607
340
117
421
433
797
198
805
966
714
34
820
435
874
79
645
409
167
796
979
966
231
866
206
17
237
227
834
886
510
570
993
570
844
333
577
592
439
16
777
754
327
731
781
106
90
169
217
309
885
731
99
835
144
560
109
686
119
886
617
867
243
305
289
609
338
215
864
533
508
906
178
823
336
385
253
163
89
332
619
426
56
409
686
942
45
743
882
524
915
842
997
496
684
612
126
967
243
742
101
554
788
460
404
149
283
536
169
34
604
31
885
86
176
541
236
392
51
624
361
947
845
96
220
714
1000
445
927
224
373
476
985
532
131
126
280
828
504
654
990
738
237
376
910
302
674
685
65
492
298
715
450
925
607
395
75
644
44
316
184
464
209
631
499
300
241
11
740
571
230
183
849
48
841
39
797
598
471
61
361
114
981
938
276
260
381
739
550
996
347
197
177
510
339
807
38
620
227
280
863
507
92
635
965
594
638
410
54
237
80
993
324
219
661
711
7
915
450
756
7
383
879
504
100
367
838
659
203
438
291
85
128
199
113
232
308
695
966
691
276
901
554
395
421
52
193
736
537
412
794
258
60
559
752
504
169
110
213
391
123
979
664
819
561
698
753
157
9
651
304
253
764
288
485
884
28
986
999
798
358
504
894
346
246
9
829
694
664
239
371
961
461
499
496
445
644
188
402
315
292
646
268
144
685
807
644
430
398
161
63
587
755
166
755
232
295
219
561
5
157
636
166
66
963
461
686
620
717
88
666
576
732
351
906
357
137
770
435
421
19
45
775
365
126
569
762
664
788
139
731
280
519
652
58
568
906
869
721
351
950
113
856
228
333
4
101
845
871
956
869
257
135
242
157
979
314
142
41
752
125
220
84
126
327
998
238
550
45
644
589
260
711
441
457
99
401
752
863
636
996
252
782
780
592
31
255
12
348
177
169
490
924
850
203
507
946
552
59
869
77
892
430
171
978
27
853
430
18
158
879
133
323
474
750
691
443
100
906
298
5
714
472
353
318
57
990
148
550
790
787
365
398
671
628
931
178
421
557
954
34
165
116
209
675
400
987
60
858
241
35
156
321
892
410
814
786
327
333
531
603
946
264
375
360
59
137
912
311
695
418
379
980
225
770
549
51
855
783
710
958
849
279
327
636
216
628
830
930
484
242
881
948
131
904
366
724
523
145
971
668
445
490
494
35
703
626
538
873
608
602
503
753
91
512
268
563
745
4
278
924
788
784
866
34
461
754
256
934
236
668
162
905
908
19
995
646
906
245
829
973
942
136
38
745
663
244
300
470
930
312
207
76
57
433
946
834
665
883
991
170
332
435
426
358
611
919
110
207
284
98
633
957
216
242
751
945
0
69
872
850
349
561
525
817
809
155
559
688
994
375
277
337
618
714
41
454
686
560
871
648
90
716
47
218
983
905
633
554
25
886
943
992
353
612
953
852
821
882
115
869
910
831
636
435
407
696
738
110
960
955
948
718
92
616
713
214
60
207
887
812
786
325
702
563
157
360
281
9
237
413
312
516
738
166
607
990
265
520
307
565
709
889
719
908
54
138
824
463
47
380
126
199
454
842
298
979
609
918
172
203
943
800
119
863
314
256
299
415
110
198
97
715
532
204
651
152
918
77
980
997
241
387
664
749
501
176
480
795
670
890
679
272
173
463
206
568
545
61
48
387
459
496
415
218
516
620
410
935
991
688
458
760
808
28
213
477
487
681
80
396
11
973
884
371
811
199
561
22
7
93
941
1
825
459
712
734
300
985
89
160
300
320
73
217
844
508
842
794
362
349
431
387
260
662
752
890
948
22
324
533
230
831
207
45
800
455
304
206
434
859
105
426
410
292
344
403
123
797
586
182
918
907
844
702
127
202
668
452
666
932
794
520
436
422
366
135
17
563
826
274
295
42
351
870
182
295
226
950
647
701
555
197
131
332
594
134
348
537
236
590
921
806
242
578
929
397
670
279
924
844
46
712
314
904
38
936
642
957
952
94
735
202
372
834
309
978
232
536
173
835
782
810
467
474
385
806
243
330
426
944
634
314
569
619
512
814
634
66
331
570
78
751
505
63
553
460
585
679
169
635
276
369
169
328
616
511
806
597
223
435
964
809
499
425
700
968
814
20
428
366
30
890
105
684
105
449
772
17
2
897
201
15
26
998
697
375
627
178
263
5
658
419
889
894
801
867
300
971
286
279
765
260
853
816
435
139
132
997
418
147
27
44
571
51
171
364
222
790
277
652
794
190
438
344
520
96
73
412
392
811
186
318
453
18
324
519
609
642
659
110
275
783
104
896
762
189
306
416
80
939
789
219
248
120
817
695
798
780
904
121
252
767
477
787
967
25
884
727
15
857
795
63
153
26
782
750
84
496
659
79
785
298
430
718
566
366
492
973
561
372
67
368
574
220
665
560
73
823
530
23
934
916
284
964
200
236
188
508
239
567
947
986
528
178
384
445
697
94
861
16
422
610
769
819
537
801
16
4
625
969
784
302
965
394
135
632
342
693
7
417
558
704
867
143
583
278
873
774
175
900
386
742
858
498
757
544
75
602
46
577
698
788
602
157
632
57
998
896
679
518
48
992
900
749
247
578
188
363
932
58
138
90
168
615
429
570
554
435
219
300
864
678
224
372
780
117
975
386
700
60
593
231
435
456
888
667
784
944
783
765
361
911
767
431
493
817
288
404
80
462
713
789
172
779
400
450
339
942
432
815
931
481
984
780
887
833
502
589
645
341
379
166
2
206
312
979
38
170
477
827
300
554
220
637
180
219
623
470
196
365
314
428
392
416
988
12
796
0
695
897
160
177
740
745
1
77
63
55
856
273
532
253
273
127
635
808
921
484
934
135
485
191
148
428
683
250
727
735
951
939
734
690
941
843
992
517
659
892
180
923
277
839
339
222
591
689
470
330
1000
800
92
322
536
755
530
857
877
105
127
49
22
689
373
654
728
919
38
978
889
338
731
626
134
958
131
94
825
167
599
694
34
875
81
674
352
929
132
662
115
283
721
759
225
118
39
261
692
76
374
277
162
922
591
89
42
953
714
831
549
412
32
460
970
948
883
164
315
352
128
816
295
381
659
855
966
615
452
103
895
319
442
231
351
404
496
639
847
36
233
833
406
584
750
186
264
658
373
213
991
511
242
277
557
624
964
225
38
378
851
184
890
65
256
192
588
544
638
387
580
680
671
900
548
836
450
346
278
565
145
383
552
237
86
551
146
431
541
935
673
902
269
567
147
367
477
880
303
876
381
844
993
578
717
344
379
938
55
484
724
473
258
640
904
119
585
250
237
559
52
536
332
809
726
888
482
310
124
985
934
935
519
651
262
141
810
146
779
653
413
264
872
971
205
442
129
978
609
963
609
96
782
590
889
412
668
593
355
151
912
575
967
624
117
844
566
421
601
733
668
139
39
400
990
979
972
986
510
668
534
743
39
628
90
955
836
565
584
372
615
171
720
242
229
27
90
71
762
761
379
341
320
947
428
485
630
442
139
965
692
847
183
665
274
233
906
525
0
603
140
330
327
167
91
114
289
650
745
78
441
149
351
630
239
144
180
746
275
846
56
872
968
969
724
206
235
281
690
383
518
447
92
610
482
701
558
906
614
831
710
145
473
710
680
545
260
150
736
355
980
218
619
472
96
128
466
11
264
936
190
424
0
529
864
939
326
488
684
975
204
614
189
414
924
474
839
947
149
132
723
140
471
371
390
15
211
342
695
688
393
105
685
885
447
206
653
267
232
510
893
66
317
592
535
335
212
696
155
331
1
996
71
164
777
762
871
360
188
753
991
474
866
714
857
765
745
362
205
178
208
719
685
451
43
112
999
638
635
878
603
305
229
240
94
991
511
584
240
351
890
515
247
679
304
60
826
983
426
549
716
295
66
784
295
638
457
323
93
498
794
684
320
871
685
248
408
350
648
632
689
619
815
678
454
806
627
843
807
206
573
266
808
131
690
131
991
185
263
784
398
383
543
501
537
905
832
69
973
191
207
624
37
960
925
1
825
825
691
428
973
127
473
302
89
816
225
307
618
162
483
936
966
903
516
401
367
72
340
34
183
590
594
98
695
139
976
606
406
587
489
865
95
264
7
570
885
238
997
969
527
251
353
189
135
987
225
868
333
37
91
711
983
439
406
504
21
792
272
330
244
653
243
517
684
817
389
872
443
190
705
611
162
979
379
212
625
422
107
255
249
862
598
892
717
25
715
291
51
467
476
753
781
953
125
984
716
329
448
296
609
652
527
376
451
413
622
406
276
440
820
239
587
110
833
968
691
411
869
994
622
850
704
55
182
508
915
253
705
700
585
972
744
872
463
11
24
70
753
788
174
223
377
825
819
59
798
820
872
428
44
683
160
352
81
455
830
729
138
551
260
774
33
504
365
78
289
323
543
705
103
599
803
180
566
306
808
238
551
59
137
440
500
128
218
722
941
234
544
570
945
395
891
882
63
60
523
153
374
307
161
327
973
330
878
589
901
277
309
258
600
361
407
667
590
44
968
700
571
394
836
2
996
864
834
574
343
203
837
203
740
999
818
130
865
2
60
866
882
320
402
949
52
731
951
40
885
760
799
175
210
672
38
725
630
690
722
567
781
53
331
285
840
372
589
577
398
306
710
709
285
617
623
360
825
685
54
220
767
871
35
305
542
570
967
902
626
1
916
435
44
564
132
381
367
109
917
636
99
906
217
852
789
12
435
382
422
522
591
827
997
912
977
722
829
560
54
918
830
752
910
906
570
34
814
969
202
511
729
683
777
788
496
529
991
327
294
158
621
653
193
996
127
997
695
830
689
791
291
368
916
931
917
477
576
19
780
402
443
217
599
30
726
377
802
600
950
423
371
515
72
636
68
834
105
891
213
552
712
47
839
85
2
4
145
515
294
59
614
637
217
390
487
255
600
758
493
158
770
645
945
435
391
585
995
987
87
348
164
39
213
39
473
573
702
627
401
641
517
9
32
337
419
8
849
871
319
833
961
875
181
98
70
876
390
605
737
724
150
891
962
130
244
645
112
744
172
844
243
531
540
745
255
939
928
685
686
64
586
521
148
603
468
383
182
422
148
541
33
780
288
226
922
829
727
307
472
484
909
203
602
885
641
840
416
763
643
298
456
877
375
7
810
199
317
651
124
714
738
492
991
842
633
968
605
679
947
572
311
935
158
754
629
436
293
50
421
784
295
788
239
696
471
417
176
291
775
254
495
77
566
308
359
109
764
804
345
448
489
33
533
446
509
988
470
173
155
689
807
376
505
10
431
126
344
353
134
365
107
55
935
843
485
544
477
171
747
751
245
885
597
524
987
35
934
601
358
409
95
800
351
204
340
953
301
516
329
316
515
890
364
873
884
553
977
529
467
119
315
32
564
810
158
785
435
460
436
411
22
209
909
17
648
64
105
354
574
804
202
589
966
999
736
609
498
318
917
989
358
439
69
204
207
490
646
630
878
219
591
941
155
485
834
626
355
231
556
404
799
844
454
533
507
798
530
799
199
814
829
698
497
771
728
279
745
548
773
880
46
161
375
303
553
432
923
723
972
639
713
869
440
61
940
903
362
283
308
680
246
454
748
732
598
422
516
905
287
759
362
191
420
542
935
777
370
761
125
417
798
365
672
212
677
169
18
501
323
726
398
34
747
690
141
628
588
430
85
660
710
187
522
905
455
523
156
221
891
734
853
796
428
824
993
905
71
626
74
960
986
938
732
998
83
903
865
366
517
882
168
759
234
363
51
174
467
112
196
311
681
164
64
269
123
95
788
506
18
536
544
218
490
153
730
827
30
467
672
379
593
55
334
769
194
67
750
724
961
686
721
815
333
260
27
748
254
852
18
285
962
736
47
853
92
637
227
212
589
306
950
868
981
781
671
162
568
621
247
828
591
825
650
178
958
835
559
576
840
732
761
691
564
208
710
680
210
908
655
200
55
93
165
197
720
705
85
161
912
217
890
235
256
579
143
683
350
654
520
295
185
515
457
258
893
314
414
973
282
477
54
186
448
938
267
470
651
212
901
365
89
171
256
656
798
727
296
976
311
368
608
713
207
699
776
279
656
256
504
889
840
551
862
839
212
384
813
156
998
48
157
233
686
409
259
548
278
348
267
491
737
884
815
818
459
610
727
878
27
568
463
878
856
423
935
40
82
598
771
980
742
951
928
523
631
85
658
263
749
931
326
726
54
36
3
517
60
558
422
448
596
745
759
738
544
572
795
709
73
508
743
501
2
685
654
622
238
976
169
416
432
695
513
582
1
838
856
172
661
493
413
157
604
299
15
796
309
934
732
975
660
913
805
921
731
198
253
23
167
856
88
935
682
679
775
979
353
479
194
53
463
369
275
863
692
714
287
200
58
424
985
74
132
364
275
491
995
647
191
268
253
722
854
353
41
963
522
878
820
608
162
712
32
55
81
657
251
316
88
426
245
837
25
66
812
242
418
541
263
842
217
763
897
582
371
64
684
531
542
385
489
736
688
218
205
419
569
512
96
665
121
629
466
700
139
869
511
8
560
904
912
566
216
43
371
845
476
916
931
70
958
671
201
48
820
493
883
315
937
788
509
68
303
322
683
905
819
447
751
15
191
702
394
440
770
567
794
2
53
236
739
145
718
919
346
623
975
391
738
412
878
940
25
531
905
53
381
579
401
600
888
569
775
32
138
250
698
925
331
520
80
996
343
622
842
94
657
317
258
666
558
571
457
168
601
786
408
193
953
216
541
0
583
384
60
724
919
24
335
972
893
343
985
51
118
224
867
134
144
551
343
678
742
107
708
113
679
261
988
375
834
743
913
859
316
285
652
802
892
139
23
74
343
10
114
840
395
18
298
146
110
768
467
686
960
918
857
153
616
420
347
19
280
6
16
534
147
105
659
930
693
822
660
151
585
116
225
231
505
709
705
768
548
811
45
143
466
686
567
16
863
869
568
773
275
260
699
270
199
897
323
589
4
870
217
745
298
700
540
200
731
852
469
376
663
42
888
860
402
509
71
413
165
728
418
54
908
722
714
483
809
155
841
706
354
562
554
275
611
656
249
924
839
868
467
527
771
387
875
112
909
620
760
213
46
281
786
173
485
263
952
915
658
671
856
784
886
66
434
971
205
837
80
682
642
604
588
838
357
579
384
532
184
205
523
783
326
442
746
219
49
428
72
18
300
189
6
893
50
841
500
72
393
632
13
199
191
290
645
686
604
348
438
508
700
196
771
76
913
753
870
577
91
950
83
199
698
712
507
47
571
962
558
892
403
456
496
445
187
127
644
153
465
822
740
299
628
79
393
287
645
379
972
307
564
723
798
378
325
181
760
490
270
823
958
61
436
976
624
406
421
288
768
228
148
274
178
315
115
127
544
675
264
312
677
907
250
752
723
51
289
538
196
96
671
284
334
485
141
596
836
680
45
267
267
323
917
412
382
155
930
542
657
694
912
272
257
654
890
875
417
770
181
20
228
221
440
561
516
330
43
239
483
22
658
354
610
251
59
440
767
669
267
334
904
772
259
914
451
985
345
273
360
888
284
236
530
39
51
796
635
805
350
164
905
680
418
101
784
537
457
484
838
407
505
28
315
243
254
45
595
679
630
931
878
295
320
260
185
831
285
723
929
270
740
756
367
699
8
222
287
777
919
16
115
920
475
319
14
365
125
287
581
691
855
58
82
556
66
195
659
903
546
873
939
492
974
966
571
181
404
168
614
626
945
760
111
380
171
475
946
99
385
206
206
728
877
929
926
615
426
196
901
437
965
919
214
212
544
463
706
747
241
88
322
738
299
247
559
728
122
200
759
647
828
467
215
821
524
847
861
205
185
760
207
464
615
83
509
901
351
911
365
696
747
500
551
909
7
92
129
47
164
186
695
527
967
953
794
402
527
705
324
598
741
49
292
304
389
183
19
456
452
902
179
862
732
999
304
877
606
210
685
884
984
878
898
584
952
877
581
542
97
601
581
845
984
303
914
649
169
255
342
951
73
95
870
529
316
74
117
721
720
340
399
159
69
211
455
492
261
347
581
957
521
49
296
140
189
49
257
291
921
940
842
864
61
642
705
334
861
139
928
479
519
885
202
359
154
651
521
156
566
283
704
434
564
565
629
583
527
456
664
159
480
550
815
944
51
363
956
131
89
427
447
841
920
160
329
680
776
141
944
66
477
585
460
713
502
639
52
830
127
248
407
47
367
544
930
501
977
747
172
485
804
850
968
61
951
615
489
319
634
156
420
119
330
863
894
994
862
72
56
956
298
35
469
499
543
74
377
811
843
859
350
59
153
315
985
882
299
461
688
576
709
638
248
46
115
657
56
213
892
38
434
526
733
872
284
225
220
64
360
608
541
521
931
586
633
320
698
144
579
909
535
657
161
639
208
501
249
853
516
759
464
681
769
732
81
599
895
692
36
868
618
333
446
711
210
695
223
139
583
540
690
457
322
131
658
56
515
346
509
705
183
618
186
93
8
87
776
806
366
458
175
399
175
464
67
6
298
250
897
426
297
294
661
431
872
884
143
363
972
475
664
82
686
53
595
940
513
267
804
41
742
726
986
128
135
500
114
186
178
426
56
874
263
473
503
278
101
778
235
20
788
229
118
333
24
654
835
51
666
681
671
661
866
78
975
259
29
528
801
138
186
196
982
294
863
761
742
399
164
81
144
146
855
928
730
740
329
677
148
674
546
531
790
286
21
759
829
840
726
399
519
676
918
199
428
100
584
993
633
213
211
927
546
699
285
380
366
100
205
626
553
940
306
558
309
955
501
845
614
0
93
903
777
841
187
243
491
369
851
996
762
602
746
449
14
835
64
571
62
621
201
143
539
184
821
239
414
773
156
999
659
500
491
16
554
790
103
682
308
283
840
82
817
265
320
586
954
909
869
834
483
91
927
895
699
624
423
256
374
482
167
678
7
909
207
393
121
430
568
305
265
716
655
868
278
109
418
500
195
976
706
778
570
731
869
439
156
573
800
349
696
67
189
98
661
377
863
192
43
576
747
787
207
915
787
808
455
328
394
293
680
866
726
900
779
158
861
874
99
395
254
224
99
422
785
446
205
950
655
804
862
742
644
283
357
75
568
551
247
456
227
813
674
873
329
629
117
805
855
907
268
924
725
17
9
8
522
954
615
370
385
282
740
358
304
842
209
379
533
574
712
980
195
386
600
312
536
640
226
552
442
441
997
665
204
36
149
839
550
52
668
461
337
355
897
249
753
57
338
933
472
262
61
741
812
591
371
67
340
539
443
291
280
947
503
456
906
843
118
494
898
550
967
929
669
205
637
280
41
403
114
688
997
933
528
1000
500
51
396
220
340
924
593
741
52
722
34
72
226
981
213
402
947
967
361
526
410
917
300
383
721
860
41
530
509
122
613
345
410
593
24
753
795
383
970
141
269
514
141
169
142
88
576
439
177
206
70
152
313
872
897
97
287
597
540
5
497
461
327
391
953
504
47
391
833
335
830
35
635
524
184
543
708
548
372
71
568
298
102
941
412
724
45
795
60
176
594
174
641
184
381
974
285
160
685
195
221
61
564
471
970
175
882
623
782
668
533
514
556
907
623
378
911
574
649
126
457
254
255
857
798
372
801
275
871
574
119
575
750
883
359
867
773
231
759
307
936
933
391
126
53
783
360
98
717
937
642
556
949
651
205
185
546
999
613
864
866
79
393
694
599
557
451
11
747
568
430
443
928
742
556
659
417
265
205
438
772
596
56
985
447
316
717
365
977
939
841
227
75
893
606
51
433
726
532
597
483
679
447
256
36
823
701
361
412
530
889
418
133
166
638
738
112
32
612
337
9
816
934
152
275
745
822
739
360
457
303
502
727
487
487
889
820
795
49
42
255
810
367
966
751
689
542
335
995
135
868
808
814
606
4
492
650
946
769
60
461
775
580
942
508
388
361
361
527
423
337
537
588
216
464
172
386
595
274
311
264
607
531
416
292
343
595
850
539
526
929
31
785
538
608
432
51
342
137
822
511
728
598
985
327
218
745
21
213
644
873
324
663
50
60
893
410
624
670
917
188
687
436
309
708
883
18
530
582
4
159
993
510
147
250
998
486
544
969
766
721
753
268
737
771
259
584
993
376
264
473
523
621
647
96
797
816
424
574
147
696
792
183
952
376
354
333
191
842
842
466
308
804
189
220
889
502
968
776
366
110
422
86
824
828
667
469
189
360
528
353
229
379
95
629
992
159
886
876
614
831
59
856
919
463
31
715
681
578
643
116
459
871
521
891
269
972
841
429
226
207
227
289
636
221
192
354
972
196
52
375
626
964
838
238
609
817
630
525
643
291
301
636
547
416
68
955
7
551
783
655
600
364
688
163
753
273
237
234
631
945
394
138
833
23
342
277
103
954
604
548
922
590
541
282
48
700
332
656
283
566
366
63
776
78
245
210
26
454
888
188
609
457
736
479
182
722
433
94
620
701
759
226
459
594
299
372
935
540
14
833
343
150
200
99
951
927
940
218
474
886
799
665
421
985
98
638
329
845
339
903
831
394
88
565
447
238
550
122
251
147
457
168
537
358
366
110
269
103
228
431
3
1000
83
103
189
842
306
753
878
966
348
500
424
474
686
374
179
799
169
768
304
125
138
811
301
75
732
574
414
11
899
886
849
733
255
682
691
281
842
852
402
578
248
676
960
299
553
773
749
100
95
810
523
10
968
618
561
773
391
328
639
699
172
23
312
842
12
598
836
126
968
785
849
580
605
194
560
725
569
192
517
697
578
345
804
637
620
573
698
196
549
447
492
213
816
993
599
204
608
831
654
875
348
78
257
984
22
808
653
918
699
247
699
66
358
985
234
889
262
215
659
646
684
875
721
776
852
122
717
168
571
717
832
998
512
908
939
350
33
545
119
979
637
650
22
263
527
995
0
882
201
252
347
952
391
618
278
700
668
891
582
606
722
778
589
380
98
357
828
668
807
240
925
664
125
143
718
571
864
19
926
741
760
992
734
848
114
70
223
220
317
784
813
240
760
636
680
563
51
714
317
849
556
924
49
238
224
809
564
102
75
752
1
404
630
740
597
821
353
731
72
15
719
36
555
986
320
481
354
366
525
527
794
294
4
654
689
564
839
235
565
654
770
989
124
240
593
833
379
97
121
819
467
586
925
293
518
332
750
120
501
901
625
691
319
940
821
975
707
534
833
101
503
576
102
783
900
509
878
695
26
603
749
655
906
119
127
120
513
684
599
29
494
464
179
623
274
897
951
88
223
389
907
580
979
663
860
225
714
129
382
687
455
861
937
886
126
94
228
888
933
572
172
828
768
431
936
586
96
645
538
334
860
201
978
205
676
938
234
275
347
91
94
572
93
810
638
707
634
732
392
752
659
623
903
671
198
93
12
295
440
210
515
472
832
570
914
251
382
461
278
487
531
518
44
416
948
352
740
181
719
384
10
279
320
968
704
438
661
928
51
189
213
660
179
343
302
225
354
81
220
224
30
566
264
321
508
583
684
602
65
417
791
286
339
417
184
386
157
633
967
612
449
455
449
118
220
125
201
653
90
56
614
193
620
792
928
96
827
861
248
504
804
929
155
472
564
481
125
606
293
959
789
317
640
50
336
391
695
171
913
957
644
722
401
165
804
619
547
280
731
336
116
712
919
374
822
240
470
375
395
734
398
569
433
832
375
970
796
807
247
779
598
836
354
771
77
835
682
5
300
622
130
164
388
455
253
302
858
154
810
31
568
240
398
943
975
835
460
27
541
666
807
15
619
586
752
5
904
990
433
790
648
958
429
956
367
81
349
406
941
739
934
901
119
592
290
349
79
146
712
298
762
23
801
753
437
423
364
628
998
608
799
911
607
611
259
958
310
653
246
225
260
26
726
721
398
662
43
167
846
783
143
193
198
2
924
153
903
202
620
29
682
497
152
345
241
72
781
548
279
590
585
327
572
157
908
595
588
810
164
405
516
193
173
79
778
670
492
319
487
119
695
381
745
802
244
636
267
986
463
462
177
59
219
96
645
757
99
920
431
655
443
531
798
323
119
836
261
393
689
173
845
647
520
510
192
735
774
229
996
908
444
828
465
322
514
333
189
459
712
760
379
300
637
990
326
216
597
49
387
109
412
822
9
592
759
666
635
708
680
296
963
53
518
501
731
970
164
345
284
460
189
465
608
676
566
977
233
500
669
394
672
737
652
463
482
336
45
793
171
720
404
12
916
813
252
590
848
38
831
281
239
852
184
910
820
579
928
290
678
474
43
908
644
484
650
163
164
39
823
152
743
975
933
230
272
749
795
247
398
569
318
742
687
151
508
2
255
571
375
4
802
867
95
75
739
445
624
45
858
72
669
689
672
820
816
257
979
67
784
767
422
10
921
299
174
354
155
212
104
518
733
357
165
354
429
628
327
478
364
11
689
335
611
253
885
422
176
701
642
650
38
368
267
922
632
351
966
272
755
115
987
487
248
998
203
825
897
469
229
341
285
248
604
276
174
358
85
671
338
700
774
86
139
239
480
271
930
504
76
949
645
20
125
156
392
38
242
175
242
797
274
435
958
835
938
574
845
112
207
378
595
720
759
944
669
23
426
172
432
92
768
959
312
89
64
414
867
565
258
522
661
581
422
359
26
564
335
705
937
248
776
280
236
827
509
122
898
872
341
752
918
91
528
369
626
104
658
958
393
570
634
492
928
874
98
461
679
216
92
180
777
352
458
34
896
943
746
970
131
689
416
164
47
75
365
723
729
417
171
689
393
546
729
647
645
699
524
276
196
210
611
409
652
622
820
233
365
277
666
946
761
968
690
226
977
505
43
252
432
479
414
138
347
69
257
160
812
469
293
19
356
484
302
283
172
64
400
809
19
840
537
875
898
598
406
303
91
161
41
799
188
663
48
597
421
110
943
104
222
420
131
115
452
954
614
286
200
795
31
331
166
526
604
877
65
923
212
184
114
901
458
511
546
566
443
360
936
930
948
752
978
506
373
451
610
87
968
987
844
499
728
518
720
373
926
30
6
466
966
917
743
641
233
919
486
955
574
290
878
614
896
346
58
24
165
925
744
220
431
910
597
164
289
739
609
641
781
939
300
547
274
969
909
253
444
998
968
390
593
987
47
24
386
36
801
653
982
806
379
770
818
647
329
52
533
451
483
111
886
705
70
48
634
46
728
468
830
737
748
761
63
376
518
928
675
747
457
903
642
910
646
43
799
134
505
9
620
101
820
387
510
491
944
691
327
422
426
438
339
579
948
708
213
6
442
96
123
553
132
886
287
306
624
548
293
420
1000
30
566
663
730
901
972
323
494
76
88
490
594
9
992
109
306
84
10
581
394
807
130
619
780
977
994
284
481
44
709
586
263
549
196
551
153
373
475
496
831
646
312
992
31
756
506
116
709
122
877
928
542
201
729
599
796
897
129
356
763
368
735
165
868
450
822
30
702
302
658
216
98
79
703
62
108
784
672
963
689
206
398
611
442
88
950
913
122
818
903
646
412
338
963
119
163
353
322
283
627
567
374
204
393
747
537
393
151
74
539
767
707
788
581
770
438
617
166
733
252
600
979
234
475
976
592
708
738
363
808
587
650
8
999
979
128
74
882
510
287
810
631
80
43
647
727
502
874
578
468
950
355
577
504
128
194
950
873
86
900
865
24
860
227
534
744
503
829
947
33
625
31
705
261
727
659
70
334
56
134
597
302
861
385
197
835
71
445
230
735
690
177
381
713
706
13
307
233
130
936
465
477
481
786
312
980
283
286
507
121
365
692
312
747
377
379
833
318
901
578
880
876
332
987
843
282
822
955
502
333
342
813
485
797
858
240
932
388
392
980
106
679
448
486
89
131
808
222
248
41
76
780
613
797
724
646
224
42
109
781
941
416
993
625
728
203
56
945
579
807
966
683
930
436
86
107
127
959
350
969
251
527
668
916
85
478
829
95
603
254
337
19
242
350
25
997
167
218
880
869
750
110
885
609
420
975
809
630
567
47
592
589
35
814
422
6
976
231
752
650
40
53
203
1000
616
586
336
309
820
586
443
367
749
257
431
519
192
449
769
601
978
573
553
732
245
374
903
405
830
627
378
132
962
181
525
435
456
267
957
7
38
535
574
564
262
375
619
547
895
344
982
995
837
406
753
461
224
71
256
358
380
62
979
16
153
195
143
541
243
824
169
712
787
700
192
643
798
367
113
223
348
532
521
351
907
638
940
285
316
8
477
166
546
383
911
698
792
823
155
593
422
275
637
945
4
180
533
810
982
361
722
668
686
943
765
528
153
764
62
462
593
997
21
706
972
204
235
490
205
329
822
561
667
454
619
908
128
429
551
628
353
96
925
516
1000
145
942
300
572
252
375
723
552
436
586
243
739
266
413
864
156
60
101
390
126
919
860
809
403
866
39
42
285
13
609
480
196
366
314
410
236
699
873
261
571
621
140
743
997
567
491
80
535
203
673
174
846
894
492
132
359
721
805
363
411
397
920
18
988
287
577
171
449
36
907
487
181
881
485
250
549
805
484
315
188
908
131
523
655
602
850
915
284
961
131
691
280
271
808
260
56
585
780
485
300
902
690
670
965
236
933
161
857
613
361
167
133
185
221
959
389
830
774
824
898
587
78
830
795
298
480
378
275
378
96
698
407
294
981
911
628
848
906
663
297
66
552
337
399
156
315
303
414
3
157
76
262
237
365
630
863
343
367
103
826
571
258
315
139
201
623
745
654
625
545
212
385
573
397
825
100
759
871
887
53
871
338
998
564
171
438
314
690
431
960
279
223
770
422
710
414
80
592
239
830
737
409
1000
469
73
189
306
956
405
880
709
990
847
27
52
780
901
250
309
327
273
314
614
496
558
723
816
141
153
600
667
763
871
606
314
979
605
955
504
313
118
512
255
410
560
424
231
790
135
576
755
181
13
751
882
438
13
789
555
83
952
292
60
197
527
794
148
114
857
906
59
914
444
579
236
52
16
918
873
541
474
805
721
540
921
497
730
759
662
840
877
213
372
56
596
418
867
563
158
874
748
261
29
301
703
990
943
494
597
366
143
279
836
731
38
606
431
375
787
292
680
88
810
607
517
194
961
437
982
797
889
72
678
754
294
243
646
162
741
189
338
204
208
910
345
841
796
587
804
272
511
382
478
869
325
669
921
463
389
57
410
455
874
478
866
982
550
834
488
716
155
560
441
135
484
578
646
539
932
433
234
107
863
733
857
852
112
974
686
290
422
932
590
181
188
6
301
201
566
855
18
341
314
185
619
31
191
27
624
720
703
197
78
883
484
715
155
321
379
466
261
477
875
106
246
833
659
798
694
84
454
534
509
961
670
540
932
977
321
613
102
73
749
924
646
746
28
647
731
807
383
112
536
123
872
682
840
406
129
488
531
162
563
289
236
525
414
444
945
341
262
748
158
486
331
731
235
783
347
780
139
167
732
781
450
303
704
582
517
834
354
593
136
119
41
533
252
749
943
131
780
932
892
473
263
986
104
893
303
47
14
566
853
783
175
962
121
364
874
382
831
944
15
728
319
426
473
471
245
940
750
856
223
703
606
927
475
2
148
860
97
692
278
164
661
900
248
426
901
585
120
369
764
896
1000
74
767
447
640
549
377
969
230
623
996
746
839
525
314
980
357
613
898
427
593
981
62
44
615
937
93
283
430
317
282
791
570
152
108
934
180
427
640
693
469
880
243
679
714
117
577
640
329
412
429
687
951
210
335
408
659
338
648
794
257
702
358
682
511
418
473
956
691
508
797
422
901
578
197
101
134
499
800
258
568
159
798
379
498
350
259
40
345
119
161
440
868
148
77
550
476
539
268
65
881
960
649
105
932
376
291
274
625
880
317
840
950
590
436
392
228
839
572
120
838
223
818
103
331
235
400
319
18
565
405
72
912
534
155
419
981
324
875
211
37
227
958
189
695
635
990
108
738
273
53
373
315
402
170
154
888
639
854
303
133
568
705
518
841
506
486
319
877
227
554
578
389
85
361
722
895
555
472
89
128
722
957
744
599
181
30
994
515
280
613
88
68
801
781
362
963
491
0
538
494
781
325
485
429
969
487
889
196
250
902
351
789
731
149
554
586
23
44
609
116
536
388
863
995
590
610
502
804
96
602
236
959
128
75
485
210
663
160
150
315
84
322
325
845
732
912
660
870
982
460
192
638
356
744
170
322
656
493
535
386
972
205
627
895
374
491
106
371
763
449
472
252
117
337
98
133
43
114
606
304
301
928
483
217
339
424
482
235
857
309
542
441
304
820
177
774
439
431
527
941
358
218
737
239
852
465
557
67
992
868
141
186
421
389
924
775
812
356
269
577
493
343
758
967
528
540
224
770
8
920
345
352
755
782
715
599
771
871
800
705
761
980
602
548
602
897
723
836
490
312
450
934
874
96
583
669
849
382
51
705
401
206
629
450
993
903
532
535
619
762
339
286
942
530
724
104
364
436
899
480
862
823
994
678
335
294
153
15
180
31
908
830
994
411
308
209
945
936
673
876
797
242
517
363
701
807
720
64
189
513
221
694
528
343
148
380
243
89
267
173
419
124
129
634
841
869
989
28
355
588
104
861
772
967
738
19
997
975
72
950
106
780
25
24
395
618
507
605
20
339
551
644
550
354
722
175
688
701
382
479
802
233
63
112
800
666
631
850
175
68
474
904
151
624
19
767
907
6
642
962
205
322
454
746
322
131
213
307
571
335
757
709
767
26
512
433
458
648
125
609
83
59
875
678
499
223
232
780
612
331
848
701
854
896
921
150
290
85
10
542
849
405
571
216
637
172
732
271
151
14
466
64
792
617
952
450
632
484
804
719
223
863
440
559
330
573
57
586
190
459
893
638
703
825
418
564
632
74
405
505
791
706
352
916
475
586
346
863
949
918
752
599
696
99
992
31
587
940
439
12
360
594
175
411
191
306
974
522
414
699
415
170
55
878
861
840
698
141
78
569
489
12
651
462
167
450
342
730
971
195
31
366
455
802
295
404
964
448
917
160
912
576
948
746
781
575
859
938
17
331
687
980
544
652
735
474
352
882
616
803
586
801
415
751
534
875
531
414
667
268
159
187
543
586
981
692
596
768
19
542
477
690
753
840
121
32
46
393
88
463
929
906
10
371
739
140
158
943
843
788
58
43
835
746
56
799
639
619
804
852
551
906
465
838
133
411
431
599
978
942
297
878
182
514
673
861
515
845
967
34
640
618
641
588
359
856
964
670
588
381
383
127
427
160
330
980
438
375
300
920
544
870
312
484
540
886
263
763
433
275
773
956
484
473
544
692
553
612
698
576
273
423
705
484
51
159
868
340
686
611
318
542
972
91
30
603
772
619
687
488
884
228
194
927
525
300
350
184
206
662
552
239
264
578
999
714
593
136
316
471
564
830
194
5
802
933
216
348
4
454
634
981
910
73
620
446
215
292
912
306
624
496
243
800
993
199
952
673
111
194
9
739
225
104
958
203
824
929
179
539
527
621
464
404
337
489
309
705
828
178
678
168
898
282
886
825
113
110
649
219
837
836
982
887
982
65
49
210
114
447
990
98
534
809
314
353
288
429
525
506
626
589
114
575
496
687
888
507
621
783
389
632
567
270
493
720
315
319
472
980
966
96
931
369
19
46
877
248
248
839
381
147
689
813
836
327
123
354
508
205
868
461
616
398
373
993
698
613
428
900
57
195
811
181
212
319
478
905
807
976
255
192
556
538
874
448
576
4
409
283
973
756
493
263
96
244
139
980
857
447
899
617
759
498
595
430
767
338
868
764
933
765
48
661
828
376
577
234
555
498
998
770
480
980
726
127
965
739
877
676
762
671
407
795
160
756
195
906
802
287
851
571
149
389
203
685
649
790
666
316
920
228
635
943
786
307
568
261
84
159
11
891
870
421
882
629
782
360
55
164
315
202
962
825
36
634
382
606
334
118
785
715
733
60
676
970
653
108
514
179
954
25
677
370
894
444
789
305
345
85
420
423
515
225
809
463
883
101
849
10
203
75
809
807
853
561
228
73
677
997
44
216
879
479
406
497
469
880
231
660
819
335
767
867
80
215
577
3
302
29
952
243
337
591
825
634
580
984
661
147
510
917
256
889
370
303
388
715
704
684
244
330
227
455
168
101
72
581
224
284
997
403
517
391
64
299
610
567
782
743
197
941
822
937
192
11
662
714
913
880
222
953
186
923
258
366
532
724
370
863
608
409
782
488
465
647
739
820
834
598
166
808
683
278
12
654
98
867
845
618
685
797
810
571
605
790
999
670
586
579
856
478
370
501
686
199
732
103
641
398
321
751
404
812
401
183
799
816
787
370
719
404
493
571
493
796
360
263
657
645
296
575
403
75
245
848
924
907
7
769
770
77
644
91
889
878
940
651
772
921
588
66
716
87
743
340
517
591
141
314
726
288
66
334
595
568
501
225
427
891
71
656
151
98
385
390
431
121
99
997
921
928
693
492
144
418
621
461
62
481
232
281
46
912
963
956
994
766
314
984
487
752
109
506
899
190
604
573
990
155
654
841
6
833
698
129
593
553
917
18
433
151
913
371
481
151
875
792
380
645
9
603
623
23
249
708
361
909
942
985
69
772
213
251
11
120
274
224
744
870
345
924
554
475
105
285
622
989
623
365
909
244
439
187
7
885
913
80
626
139
372
765
211
94
371
97
354
674
769
894
914
696
771
864
517
212
537
742
263
758
752
269
104
668
477
192
457
408
216
265
450
181
369
353
897
236
911
166
998
683
767
303
880
671
991
830
611
363
36
819
896
380
873
108
793
733
946
794
788
598
497
867
805
70
795
520
561
389
406
615
974
179
114
874
221
952
529
483
707
327
632
154
92
694
158
422
258
163
933
383
761
114
759
367
204
489
136
696
380
970
158
926
153
918
313
986
673
962
676
478
793
629
81
799
656
298
989
779
275
741
542
732
184
549
393
620
975
317
970
446
860
391
818
470
100
429
509
374
939
500
384
321
572
92
849
59
391
89
434
362
674
291
440
857
756
846
735
917
323
470
508
509
163
113
329
865
823
92
359
706
453
266
62
610
544
860
384
341
809
214
607
51
43
886
304
453
630
179
91
68
934
889
404
493
714
729
942
156
531
707
147
960
814
561
809
758
740
898
200
826
708
958
971
374
807
355
380
650
928
132
287
89
491
183
619
213
726
196
550
958
979
851
279
976
546
903
103
587
340
985
249
131
385
845
519
197
479
907
470
787
25
369
367
60
569
890
328
816
319
909
493
688
385
880
180
954
242
48
530
103
934
362
366
697
98
582
901
434
417
452
671
241
309
189
84
903
413
843
847
693
92
356
783
494
670
320
674
167
49
438
617
138
725
67
486
728
491
180
31
912
861
237
471
83
36
562
335
758
45
97
141
917
68
889
417
91
291
757
0
339
524
314
693
559
299
710
373
644
716
290
856
196
323
912
907
879
857
290
862
681
842
247
844
456
251
131
320
494
155
411
818
425
567
586
628
372
923
952
953
167
562
519
170
764
53
159
746
786
425
767
593
598
177
801
801
432
395
187
674
195
829
864
303
646
146
913
390
625
923
337
868
335
796
672
10
607
370
19
506
631
847
49
160
625
212
634
140
489
580
502
322
612
406
418
325
181
759
188
571
991
372
328
606
255
961
396
976
476
569
801
576
151
795
502
819
645
26
657
632
989
929
939
962
638
727
856
550
616
237
55
762
596
102
380
259
437
543
540
825
67
728
564
963
846
980
98
536
205
102
144
505
274
453
33
765
504
215
526
918
781
820
317
604
399
18
582
625
86
52
315
612
799
322
525
458
251
759
500
312
117
741
392
567
1
845
107
523
542
279
924
812
395
831
957
104
530