318
365
733
450
19
466
60
915
441
237
275
587
916
442
850
116
305
97
838
339
922
12
279
762
253
719
573
565
87
967
937
282
126
32
719
321
885
649
660
926
31
691
284
192
737
403
332
891
287
609
54
887
271
434
684
918
811
70
350
14
696
13
102
524
915
273
245
997
209
558
45
988
471
463
488
263
566
367
238
9
491
254
192
170
136
662
76
760
402
164
470
310
574
614
797
36
437
38
130
510
851
106
776
436
273
546
147
424
489
619
69
231
989
234
227
464
169
991
588
515
722
319
321
591
884
25
34
887
483
871
750
670
567
747
343
274
246
411
631
48
243
73
487
971
133
219
20
198
771
719
792
369
936
529
645
357
862
116
298
906
299
28
251
706
915
608
194
69
253
227
212
755
852
381
291
921
780
555
755
611
373
908
370
494
89
826
223
199
345
179
835
507
257
375
847
362
401
396
956
489
766
568
777
202
314
792
117
602
41
82
43
770
67
381
313
709
556
338
666
839
79
506
464
974
253
74
719
837
225
892
166
962
731
307
862
643
685
179
801
226
605
672
944
802
634
251
579
862
97
938
592
259
132
1
860
183
89
932
932
449
175
186
48
429
167
223
498
541
92
794
236
627
698
940
794
266
143
710
939
564
296
677
327
51
857
862
153
783
993
611
98
734
743
683
635
978
209
828
321
146
456
360
800
792
751
945
588
755
625
395
998
143
801
91
949
591
521
629
348
745
691
587
315
489
49
458
36
503
168
298
813
341
708
664
551
245
679
571
646
259
750
806
87
870
679
857
58
302
229
321
14
205
649
550
372
187
974
552
802
762
845
540
439
890
385
519
759
688
98
219
949
974
94
42
404
494
723
504
370
555
80
887
183
24
331
630
570
778
365
621
170
489
339
603
678
147
306
135
654
537
444
406
111
59
856
813
962
540
690
266
670
596
804
658
657
992
364
699
592
271
99
972
771
278
452
310
879
620
461
782
862
939
360
285
916
349
628
36
16
291
267
125
190
423
167
671
578
679
899
178
505
555
361
161
954
220
842
335
482
241
830
186
242
218
195
584
947
466
365
659
289
578
648
797
711
307
354
773
342
697
438
16
605
12
252
352
120
819
183
607
193
257
505
254
645
429
721
636
594
760
851
352
918
438
267
34
170
227
59
474
501
217
799
77
551
693
495
192
321
709
247
423
429
207
455
94
140
295
201
55
272
116
680
635
591
537
521
724
580
547
282
488
114
436
275
197
565
722
689
40
358
449
46
827
634
998
908
198
312
995
136
98
345
793
551
776
178
294
936
917
183
451
889
6
105
565
938
956
944
39
144
584
102
92
332
886
218
347
261
827
240
217
174
38
738
39
686
649
432
781
435
11
770
579
722
226
460
628
931
224
250
722
257
91
711
28
220
392
297
821
724
526
601
780
288
196
825
184
333
229
219
630
987
668
45
794
323
523
374
718
235
416
306
769
48
795
198
612
540
696
587
782
668
623
462
381
848
922
946
199
327
779
774
999
46
783
714
419
536
784
69
802
761
222
421
40
850
652
470
456
101
644
437
131
828
601
513
371
839
707
186
95
640
176
485
227
582
354
77
779
259
277
287
648
291
945
227
36
291
350
987
480
9
276
909
414
236
602
798
363
504
237
52
648
22
850
215
198
502
432
317
55
888
731
390
806
529
366
290
306
362
845
926
44
122
991
300
133
797
3
266
442
598
764
255
886
163
501
498
524
113
643
270
862
757
197
434
578
104
871
841
342
132
129
883
483
200
562
357
724
883
925
189
570
839
604
530
461
703
275
118
417
394
404
513
670
938
611
924
42
799
578
493
458
790
657
16
912
712
247
396
851
812
946
610
401
779
80
24
218
260
791
78
92
451
745
798
884
861
33
836
911
953
451
668
728
545
924
393
904
736
162
111
48
799
482
576
523
651
132
146
165
329
652
277
149
301
216
617
901
967
701
888
728
683
658
206
670
957
798
654
351
676
138
669
199
400
31
234
98
878
135
473
724
453
62
651
155
62
229
400
932
198
979
781
751
760
399
835
944
735
631
161
678
527
517
341
888
431
668
296
945
752
239
452
816
521
404
78
155
567
189
804
939
827
743
72
269
938
504
429
992
958
332
559
368
946
193
188
961
647
940
694
569
243
909
212
505
816
417
278
61
118
215
179
586
289
954
714
154
371
348
164
231
430
781
120
43
514
371
365
638
127
683
36
666
69
718
304
327
115
356
206
582
127
911
614
181
14
510
764
346
63
437
361
470
873
295
529
180
882
472
183
680
905
829
496
617
487
636
403
86
556
369
595
571
835
319
568
740
988
781
792
907
352
439
747
541
239
49
714
935
763
618
139
669
822
819
171
565
995
210
703
56
387
273
649
159
129
492
870
530
522
566
357
131
202
161
246
498
531
609
936
341
194
458
275
793
768
646
457
767
755
927
228
95
214
783
13
497
382
228
197
580
575
373
106
727
940
71
735
387
269
642
327
339
740
886
249
845
795
734
356
756
506
20
948
746
221
609
328
26
384
907
951
960
467
506
128
413
974
782
421
729
186
173
2
447
9
815
652
912
369
807
787
399
994
733
277
134
365
218
769
386
246
285
656
207
168
719
208
200
834
330
847
945
154
960
75
85
860
797
125
632
828
62
891
786
150
708
806
836
287
391
392
284
671
926
683
427
939
296
358
876
760
209
57
534
170
214
711
185
494
954
261
75
277
551
845
934
488
206
600
626
974
188
480
644
564
256
259
771
685
681
550
529
111
242
58
317
511
903
351
334
551
489
167
902
90
969
590
307
3
144
802
609
388
461
877
830
871
966
673
581
354
737
185
294
610
795
940
778
194
674
578
293
999
353
293
502
821
760
499
722
208
596
963
458
704
304
266
28
439
587
63
37
972
101
932
874
228
252
826
373
628
348
968
449
998
331
277
134
93
257
15
259
102
175
465
266
231
546
205
980
293
936
878
291
144
765
880
616
574
495
820
648
985
284
121
750
782
647
807
381
19
145
660
278
899
227
498
1
828
6
976
991
682
340
659
920
343
733
411
973
283
225
957
68
922
674
498
483
712
49
792
108
207
852
338
354
213
255
553
197
703
535
415
429
948
814
385
1000
195
180
621
125
685
519
580
895
255
674
106
528
353
606
698
110
932
165
654
87
599
984
481
807
316
33
500
326
177
862
593
445
76
691
946
115
466
189
96
850
575
914
892
475
107
381
473
960
907
444
789
609
848
970
565
579
918
313
829
562
498
70
498
13
132
446
432
429
650
501
292
375
771
462
565
238
378
662
837
109
666
498
403
182
120
676
149
699
824
485
398
273
24
31
580
186
300
649
600
908
351
652
884
383
96
449
840
600
52
49
567
286
485
992
825
283
644
458
57
804
815
855
894
534
667
407
601
770
210
55
704
441
559
178
294
273
400
196
829
846
913
700
466
124
3
763
575
711
715
423
292
413
602
117
712
768
825
691
759
188
650
10
51
912
658
410
907
391
11
35
424
386
934
109
714
27
250
346
79
697
940
305
912
356
857
307
50
745
721
769
945
482
789
269
950
971
694
256
960
795
440
69
282
616
377
114
228
450
806
81
528
960
507
175
952
838
647
470
882
609
190
668
152
526
841
416
265
238
636
658
436
302
697
461
917
470
362
66
978
271
902
734
786
663
938
290
576
693
339
552
158
264
118
987
117
561
180
98
559
600
40
373
284
532
685
381
991
163
886
376
353
444
442
621
436
841
196
880
925
282
204
727
911
789
686
301
740
156
748
733
683
807
914
957
892
784
11
67
730
538
908
410
426
170
271
52
637
428
314
287
774
89
455
85
205
61
754
586
978
461
586
576
989
785
908
884
304
850
204
879
89
810
749
469
616
643
646
335
440
432
827
646
792
901
631
278
775
550
826
655
848
379
437
408
105
314
222
137
0
317
489
983
137
704
890
553
788
459
186
907
695
621
732
801
295
139
696
243
19
662
959
333
386
743
216
548
116
470
130
300
620
891
607
594
191
446
741
806
106
235
616
948
997
320
748
501
85
677
490
174
80
974
437
259
184
9
285
903
611
125
487
959
111
386
76
102
99
574
197
573
543
805
697
3
271
470
988
44
340
544
852
515
870
53
852
966
439
639
154
476
325
260
555
618
256
683
928
193
45
723
485
521
94
238
817
307
656
84
494
38
476
100
432
100
580
767
284
502
673
676
447
37
888
952
310
881
799
301
870
333
14
202
425
248
652
964
293
709
728
643
329
5
463
244
850
290
117
628
566
742
732
962
905
585
932
334
607
881
46
512
893
102
342
43
273
474
251
363
546
622
222
813
163
307
458
836
773
74
288
409
899
805
869
129
662
890
769
781
404
789
853
485
282
279
708
248
671
157
890
915
444
724
94
400
404
238
668
142
628
600
130
644
353
603
984
935
858
894
449
573
66
565
876
864
605
485
653
58
243
403
985
643
770
563
561
654
327
382
96
965
804
152
842
700
278
554
764
322
10
217
156
309
536
832
983
430
97
513
811
932
201
487
993
143
116
736
286
98
50
618
387
927
377
281
381
838
872
615
73
101
656
964
94
276
317
820
391
886
588
191
572
604
462
432
779
799
500
188
787
637
357
897
115
419
390
596
833
249
747
791
103
947
533
120
135
988
616
316
740
158
43
61
919
108
982
318
20
951
830
537
176
549
378
562
991
589
885
669
690
908
483
5
536
134
981
687
637
504
240
771
835
182
201
872
651
125
22
345
399
786
451
852
934
186
701
525
376
144
850
731
56
181
850
278
214
849
999
178
140
975
200
159
191
165
65
110
699
590
174
773
177
918
195
729
376
626
940
609
993
532
343
175
853
540
371
407
81
563
867
230
436
443
232
181
266
961
36
163
299
495
548
176
399
578
77
463
438
713
837
145
27
433
452
178
381
359
127
674
159
130
373
406
776
600
547
664
883
717
221
0
412
356
865
492
817
931
343
277
866
444
71
155
818
990
486
863
120
871
862
293
630
393
557
623
382
968
362
474
73
891
24
455
407
940
433
297
588
241
895
202
875
404
354
75
972
762
760
798
643
136
725
429
636
124
966
752
975
755
464
745
998
581
907
991
715
475
990
633
393
458
105
1000
698
990
522
705
388
323
859
629
703
707
910
955
139
835
897
447
707
620
74
261
584
291
67
925
424
536
302
451
720
430
716
114
97
310
131
261
550
765
59
410
197
52
469
595
403
186
251
305
449
702
880
82
300
725
123
692
692
940
378
572
214
163
907
750
335
567
1
169
517
737
269
464
822
288
623
930
37
485
603
455
384
290
788
949
565
810
214
790
645
187
171
887
727
570
375
222
61
864
520
465
810
392
703
668
127
304
19
331
483
141
747
138
850
888
134
608
433
761
433
784
465
726
330
260
889
243
658
755
956
958
330
375
89
363
529
273
996
531
182
463
149
463
367
134
191
359
644
185
562
12
8
848
315
695
353
149
138
310
349
651
210
683
989
166
446
876
134
862
552
883
228
638
230
115
942
284
843
125
74
817
355
943
233
841
921
968
758
999
925
19
495
31
297
604
192
416
517
104
378
323
734
970
310
786
351
910
162
658
934
422
274
486
380
852
623
489
704
666
712
903
376
317
719
752
387
781
838
891
949
308
614
815
244
409
845
515
46
835
832
643
49
367
289
1000
596
768
980
248
307
27
306
719
906
486
348
645
495
964
600
817
915
149
738
740
24
123
696
163
668
735
937
748
674
241
745
470
498
556
520
867
831
752
434
379
119
508
46
470
696
361
187
531
877
790
652
196
272
999
153
17
985
300
307
171
601
149
514
90
421
677
378
322
801
675
595
796
191
948
113
357
709
358
302
125
422
262
571
346
182
176
642
371
729
1000
916
740
899
164
871
408
136
573
55
588
372
991
686
975
530
895
429
650
916
238
808
196
500
647
806
809
109
829
184
659
356
783
447
841
18
196
255
270
872
948
363
540
54
771
703
33
14
125
711
316
880
931
734
278
308
549
774
603
981
570
680
374
592
488
683
642
891
984
737
707
461
572
488
650
149
787
912
829
831
359
810
623
688
654
707
291
75
117
567
510
52
686
239
778
260
103
332
959
709
241
750
290
296
798
11
624
690
464
23
714
494
663
903
624
11
895
615
111
728
33
960
960
9
277
833
240
8
334
93
92
443
583
572
67
10
489
865
61
266
481
671
515
91
616
514
76
490
166
190
406
151
21
357
406
697
509
601
972
661
48
875
647
226
255
509
491
181
423
165
241
572
118
770
776
417
646
181
896
977
119
772
505
443
874
717
712
13
659
501
45
45
327
672
667
452
878
228
438
981
857
675
937
914
745
278
83
6
713
852
348
727
450
120
776
734
324
421
939
358
106
377
990
615
931
880
297
195
732
578
962
131
300
613
30
648
146
792
331
215
206
31
811
660
0
406
62
448
204
626
13
462
940
551
92
955
666
992
90
385
37
157
614
767
897
902
524
397
621
319
554
978
371
522
502
945
945
969
633
891
26
745
879
16
979
154
327
561
555
223
191
924
824
893
976
441
711
74
561
165
350
638
859
836
948
574
253
419
781
541
830
622
858
739
770
445
795
339
130
656
373
735
632
437
711
949
766
24
220
956
519
980
924
470
962
206
324
813
213
953
522
747
147
518
501
922
90
909
256
617
535
702
100
146
889
272
634
921
361
687
310
86
55
805
455
677
390
165
520
668
605
870
448
179
201
829
801
257
195
283
665
740
43
947
992
522
849
403
691
179
501
94
80
563
995
502
477
25
348
591
785
880
107
429
122
542
1000
215
587
462
246
780
599
790
503
60
502
260
194
679
807
493
625
538
548
183
542
521
554
270
590
779
8
472
201
554
878
924
110
372
864
563
138
235
286
518
647
711
524
163
101
17
163
587
737
294
640
141
28
57
664
986
61
838
312
564
650
520
424
319
697
165
809
395
868
412
891
859
805
90
381
933
742
777
967
13
903
615
574
420
250
31
966
889
165
871
91
843
450
431
939
566
483
872
822
352
40
731
248
756
658
545
239
812
941
261
367
994
134
994
647
344
995
391
515
580
269
478
259
687
939
511
824
602
763
15
43
80
941
944
865
300
574
543
285
676
621
230
462
904
991
210
953
506
498
862
905
250
979
774
907
979
988
181
125
56
813
207
95
459
217
117
390
49
897
972
311
32
864
116
88
95
918
638
232
341
116
36
866
587
579
838
557
584
750
813
799
665
929
565
748
320
953
519
707
795
449
966
199
565
244
594
47
41
394
608
492
242
544
256
213
115
753
275
979
314
883
905
722
269
750
863
921
309
965
23
523
488
617
157
78
23
927
44
192
690
908
971
680
167
151
75
450
519
736
790
206
272
793
713
707
118
729
422
489
63
835
62
158
528
772
240
806
240
201
732
119
334
983
252
466
871
81
991
887
28
717
169
510
939
833
394
180
321
465
139
615
499
983
995
440
36
863
600
798
464
892
63
193
588
283
668
869
400
746
957
728
274
646
856
70
398
508
139
776
477
69
92
525
304
549
538
495
391
854
688
786
836
23
629
695
857
950
508
106
199
319
879
63
216
420
428
439
817
360
816
131
389
711
17
379
530
47
197
827
113
116
303
459
776
616
690
86
484
87
856
26
574
762
205
940
136
732
49
483
857
402
257
315
310
352
737
727
488
720
394
577
980
485
719
726
391
518
428
270
815
514
434
66
267
102
601
932
352
728
282
494
299
595
216
159
118
918
770
157
585
750
459
996
620
247
768
251
648
190
625
697
800
292
303
156
202
144
791
626
611
782
90
860
91
906
207
380
757
981
303
495
26
886
977
866
363
715
42
721
953
630
603
807
209
294
266
676
10
674
828
978
935
74
87
656
499
25
267
294
433
193
601
205
95
540
969
808
418
9
655
441
959
664
812
753
857
126
358
836
414
957
548
760
388
576
248
906
505
765
286
31
202
834
49
825
371
789
78
516
520
449
800
9
950
314
29
653
928
99
999
441
270
125
558
560
48
668
122
416
619
43
947
229
231
835
170
263
265
684
300
922
828
87
704
762
189
539
417
858
88
111
782
516
272
470
610
100
175
207
234
186
942
529
830
359
171
979
203
547
931
512
968
731
301
474
757
997
774
379
13
671
856
323
196
294
1
743
358
962
476
968
771
729
848
897
919
200
406
574
253
74
413
358
629
145
367
825
851
798
650
143
537
691
970
370
851
704
53
67
387
639
882
395
573
188
766
457
79
924
247
647
827
528
610
328
667
471
836
460
406
801
889
616
365
316
419
610
718
724
835
247
401
407
173
94
58
240
640
915
485
617
324
808
511
336
453
680
74
331
107
120
765
730
691
848
180
190
770
996
585
45
476
110
216
666
208
183
489
514
85
822
422
15
257
365
137
12
55
780
338
971
853
365
740
761
339
681
933
91
268
199
192
701
848
867
396
1
379
769
541
643
957
445
671
823
884
863
316
254
262
851
225
553
644
662
584
847
42
505
684
512
339
145
517
62
627
893
53
265
441
657
358
189
273
548
738
177
917
535
512
289
440
129
163
503
260
646
70
566
573
773
857
708
68
871
807
490
857
600
450
972
722
917
606
845
292
299
635
819
640
760
356
711
931
578
285
483
742
373
357
114
718
298
737
724
987
55
422
556
666
631
440
560
53
889
458
984
41
872
317
662
607
864
154
932
288
874
652
375
211
403
891
557
474
302
463
655
319
259
857
202
59
282
133
476
312
294
122
601
369
277
151
375
284
258
108
304
947
37
582
211
737
483
940
557
164
806
435
169
554
579
643
787
893
671
4
414
112
309
749
522
795
745
802
140
913
153
507
634
396
506
232
52
281
716
594
957
117
3
742
882
893
880
58
346
738
73
210
897
469
61
315
993
827
196
417
676
736
675
187
927
468
912
30
720
969
681
836
212
110
281
581
557
250
542
948
525
699
230
614
250
124
527
594
867
944
108
592
2
546
116
73
204
216
241
402
566
914
205
618
862
267
920
254
25
611
239
818
74
778
438
854
652
587
682
809
671
84
161
288
681
112
71
627
866
856
120
234
1
198
271
984
495
495
911
971
205
35
328
693
398
343
125
961
844
632
288
590
882
876
89
790
936
828
696
862
321
17
688
858
591
969
801
669
397
353
637
817
102
170
743
401
819
159
709
258
887
519
645
131
184
406
965
668
66
434
998
343
534
448
112
572
951
742
773
60
435
117
699
271
491
386
741
984
880
499
169
231
52
641
305
22
860
931
81
454
719
234
513
403
501
201
986
309
57
836
690
983
930
158
864
682
16
67
655
126
748
534
357
559
417
933
697
909
888
597
849
83
408
128
13
485
888
327
384
782
191
442
593
202
317
849
366
764
103
773
163
426
609
911
260
885
827
616
56
628
963
189
261
328
446
928
303
32
97
100
801
280
416
694
200
447
764
1
938
690
631
582
709
819
332
954
768
966
115
233
279
491
121
117
238
484
700
109
56
82
143
987
516
97
312
260
962
250
49
388
40
674
230
963
734
989
833
530
993
725
916
767
544
1
22
738
313
363
774
634
630
165
373
336
305
360
243
709
134
315
197
632
389
796
286
360
615
477
329
677
679
563
725
650
435
771
599
279
928
971
816
379
251
793
837
411
4
317
627
923
530
274
8
228
488
349
483
236
681
938
614
171
346
966
212
625
674
440
136
262
90
164
979
465
424
811
280
931
875
313
422
924
108
984
79
97
332
412
237
991
33
522
634
587
693
168
549
272
828
68
490
734
345
186
507
406
948
18
211
792
412
776
965
279
460
739
416
453
201
522
239
213
110
39
204
826
77
710
261
293
654
720
611
978
313
345
428
521
829
221
230
748
484
133
849
930
484
97
889
669
914
55
162
486
139
426
685
140
553
956
373
247
708
661
215
278
965
421
245
16
476
269
64
142
900
318
493
663
820
756
500
59
958
634
85
511
707
570
768
710
479
770
409
831
991
827
66
565
905
402
443
723
734
975
601
24
430
147
456
258
510
934
667
222
595
695
264
83
121
867
34
475
883
353
295
888
35
983
807
801
84
578
572
801
613
444
871
712
716
393
787
526
652
120
609
275
56
290
286
257
511
963
505
730
997
371
975
677
818
938
840
793
116
268
599
954
659
537
540
723
428
403
115
887
730
61
13
33
414
608
559
539
144
395
215
865
278
828
678
301
868
184
683
633
994
410
80
975
71
68
625
564
428
768
224
229
47
717
959
763
925
487
360
309
293
726
224
446
924
184
367
426
511
549
621
535
136
656
303
585
776
843
562
391
469
795
814
332
153
426
818
234
619
135
532
667
181
271
417
302
75
500
331
617
167
954
148
81
133
829
375
806
543
431
382
953
300
590
612
244
325
386
48
222
796
997
908
938
183
879
345
445
677
132
787
356
287
597
389
847
729
773
558
523
726
653
549
695
463
970
656
118
583
848
2
51
823
916
888
787
284
829
552
905
333
62
924
560
303
245
782
348
392
464
504
457
911
633
629
664
136
20
182
442
981
39
982
462
337
268
27
589
581
339
222
375
891
866
919
327
371
493
892
145
523
628
874
471
232
688
417
174
508
807
943
576
617
965
750
383
802
723
328
78
178
251
369
807
655
619
904
374
305
924
196
324
95
310
18
208
108
239
355
435
571
373
940
566
56
867
387
979
506
672
225
414
496
415
136
497
461
406
314
383
510
859
222
304
976
516
282
59
94
789
334
203
803
629
542
671
606
989
700
289
244
729
254
335
526
299
757
30
321
276
150
288
666
792
302
215
89
352
416
762
766
58
862
964
829
900
53
594
444
412
697
813
320
714
52
441
271
523
374
730
814
821
548
921
144
113
307
408
852
16
323
177
817
35
378
689
935
609
334
276
685
977
443
683
174
103
138
435
465
875
993
596
537
188
78
428
97
799
191
688
401
953
4
684
0
421
74
647
372
904
602
477
652
594
209
524
972
68
378
709
276
389
563
13
462
415
147
177
370
71
129
384
1
769
900
547
25
775
175
144
1
884
753
385
130
919
285
692
560
74
796
114
966
856
128
762
828
303
269
278
441
302
317
814
444
81
548
896
722
811
400
190
301
748
479
748
208
33
841
747
928
145
726
936
451
261
655
24
798
505
253
13
618
847
141
304
854
567
212
544
89
889
26
865
348
355
60
812
170
810
339
329
76
856
456
706
281
876
243
981
269
505
900
301
204
7
178
643
764
248
287
359
235
399
210
267
356
393
52
979
861
311
590
4
419
814
465
233
225
601
617
660
302
289
350
165
664
575
473
133
714
931
312
265
67
191
754
147
455
90
451
302
267
834
354
749
81
247
387
435
990
303
917
633
881
868
415
78
730
893
723
412
873
893
912
68
513
870
145
77
628
628
546
662
235
213
548
909
457
192
254
749
744
214
831
777
929
961
423
768
986
58
197
879
443
942
988
486
449
22
773
366
80
964
53
958
223
682
763
468
200
398
76
594
985
161
902
180
879
796
297
743
329
375
404
816
289
528
209
977
405
554
476
689
265
795
774
136
344
691
624
965
818
319
624
8
834
300
818
886
536
146
511
247
838
995
202
756
323
677
939
239
114
98
931
328
574
946
307
216
985
124
181
619
972
55
950
181
771
45
918
814
908
465
876
960
637
931
774
410
799
980
311
989
297
997
801
783
1
648
231
586
189
993
947
116
671
42
310
77
572
531
622
726
642
837
714
575
440
610
81
286
628
648
865
735
27
478
621
403
907
104
56
941
367
744
516
685
377
363
450
87
16
833
723
13
319
515
684
185
470
438
456
836
106
251
753
522
909
861
194
538
495
294
148
61
284
767
963
205
963
681
218
628
796
172
595
986
887
427
642
475
478
143
428
936
609
733
918
177
446
32
803
46
730
850
838
639
342
806
487
186
399
256
195
944
439
955
680
237
922
825
730
565
570
133
579
898
67
349
578
545
82
403
903
539
297
888
97
116
405
242
157
182
522
357
375
295
497
867
340
781
539
580
378
993
397
819
357
477
973
927
39
387
66
53
767
884
173
806
993
736
120
599
632
296
531
14
376
1
423
614
145
734
916
989
119
755
322
972
127
513
454
618
874
789
196
296
139
628
69
655
803
5
436
4
974
578
979
756
764
574
738
0
16
783
789
81
545
236
479
483
447
458
179
432
522
254
868
734
206
994
928
722
955
469
717
111
649
987
579
156
68
492
627
699
287
116
193
927
914
86
62
592
97
200
349
407
283
743
620
498
743
645
789
846
706
518
833
79
255
774
304
852
438
758
139
25
449
270
447
31
378
341
614
722
802
792
169
486
953
320
562
324
755
821
262
442
764
527
889
882
904
726
426
843
195
240
486
588
583
306
422
998
652
697
56
392
261
419
92
870
334
521
562
96
254
444
935
562
752
25
597
96
619
514
304
727
670
188
899
442
10
340
139
530
609
857
257
102
149
471
711
452
186
490
986
1000
413
420
60
266
546
242
799
144
868
277
579
722
4
217
451
203
228
460
640
850
528
964
264
469
802
851
751
317
114
342
650
769
615
542
127
787
895
77
453
273
304
563
255
642
356
508
519
765
560
738
537
624
23
821
561
364
136
389
244
467
135
367
306
741
750
157
498
502
522
521
359
781
800
954
61
911
519
375
314
488
804
135
436
453
123
467
126
924
189
432
165
851
518
576
32
968
457
433
766
158
942
408
992
777
54
778
74
542
706
736
204
286
256
2
780
579
827
393
121
660
738
646
862
960
89
385
184
80
668
774
233
608
674
282
680
892
177
71
486
823
986
99
34
544
697
796
708
85
436
353
168
112
948
856
294
463
260
704
536
338
329
645
259
522
308
966
252
531
678
993
527
35
541
676
430
603
131
670
135
269
860
706
694
430
470
734
950
674
142
182
989
685
347
633
119
125
237
95
261
120
8
379
265
130
917
178
587
928
868
475
694
148
345
457
650
368
692
652
792
862
879
493
670
22
809
565
112
507
669
585
818
538
797
375
381
914
528
642
238
468
423
629
107
294
996
676
686
116
560
205
139
748
647
785
691
926
665
651
414
553
540
889
619
946
950
798
329
853
485
142
801
618
960
104
861
997
401
16
557
979
711
21
251
41
435
954
957
160
414
560
130
154
161
458
159
444
834
315
248
270
85
372
640
125
781
47
953
711
486
472
336
583
750
435
602
918
707
556
364
300
851
331
353
553
365
654
209
286
591
209
381
410
558
708
8
487
5
90
90
989
850
416
563
475
577
358
976
740
922
349
382
536
307
696
466
638
255
632
38
70
530
983
821
272
972
457
898
214
874
812
954
168
852
205
368
54
541
695
102
835
533
490
501
970
155
971
469
414
408
757
117
883
167
816
777
462
908
991
954
829
297
634
418
734
137
214
332
417
569
764
247
349
297
763
939
853
732
64
825
794
319
271
600
843
914
456
231
891
146
471
321
560
260
540
424
814
910
383
811
32
95
538
950
883
951
877
226
617
218
961
804
327
466
589
800
647
848
485
167
846
290
203
262
520
677
234
733
544
758
214
232
802
389
647
348
943
82
890
214
207
35
677
11
895
818
861
226
379
699
816
865
301
716
79
1000
233
882
198
996
966
217
256
835
583
490
829
336
697
671
166
103
275
1
768
236
261
675
11
162
231
613
780
819
258
453
151
948
430
994
334
955
843
15
29
720
851
11
989
189
837
863
113
789
627
300
996
192
850
732
228
533
296
472
944
295
138
140
501
984
240
295
548
967
96
998
284
89
405
159
341
14
272
406
869
578
255
461
666
644
421
899
264
860
707
599
517
271
296
565
750
872
349
807
610
693
607
899
813
90
678
74
847
142
695
451
64
122
766
760
469
510
294
540
44
50
879
821
783
981
677
408
992
690
417
805
505
949
206
414
408
140
98
305
601
803
505
642
744
14
204
2
548
158
223
980
199
143
203
833
983
572
648
524
253
300
245
990
446
553
758
59
534
236
642
714
992
315
148
608
806
694
510
203
28
362
283
749
626
955
389
743
412
180
773
965
237
608
559
501
799
139
990
562
249
497
964
618
124
94
547
384
448
848
135
852
491
325
674
212
16
652
266
539
793
363
243
453
435
906
838
462
340
838
631
687
684
703
981
976
151
788
512
403
360
407
217
299
559
812
189
572
224
812
837
373
60
185
14
447
299
305
101
981
827
753
100
428
732
11
158
451
761
840
933
257
202
566
390
514
13
714
84
512
883
521
835
213
276
908
797
486
384
535
108
778
311
922
653
19
171
973
281
240
44
54
10
895
573
81
279
556
577
148
998
383
893
859
76
319
445
824
718
590
806
988
996
894
889
164
661
1000
912
988
828
291
511
29
210
705
831
526
9
522
873
710
41
840
185
438
459
601
922
508
77
859
756
486
829
851
562
385
35
85
103
145
645
353
890
841
360
894
552
0
537
620
603
389
778
305
381
624
406
999
310
94
398
724
305
306
399
300
184
603
906
967
671
571
965
386
428
965
942
423
76
376
559
691
26
306
253
489
243
217
21
469
748
990
803
163
16
227
971
576
777
607
211
93
988
18
777
859
630
99
189
494
543
804
65
516
452
652
403
927
604
696
486
587
715
674
585
876
553
897
496
185
723
649
317
933
828
205
1000
170
6
682
678
816
278
392
172
323
277
183
507
698
864
696
287
764
708
840
678
751
604
926
390
753
942
608
797
400
623
271
348
638
722
927
625
673
840
327
177
272
16
522
230
550
66
161
727
592
109
596
305
818
102
426
322
595
561
903
824
735
179
457
819
880
675
694
615
856
517
37
43
692
611
526
411
938
913
670
375
311
40
225
662
588
983
148
303
302
200
387
26
653
856
984
293
768
298
364
59
732
892
300
618
901
481
945
559
824
431
288
574
427
656
271
365
778
72
120
115
481
301
922
634
611
496
78
136
952
965
813
589
720
474
815
421
317
810
379
315
525
846
620
827
919
359
740
214
490
632
961
644
767
462
134
456
608
14
171
838
817
96
770
166
858
206
341
834
6
294
764
151
264
886
78
634
715
14
441
317
491
550
432
335
235
278
478
712
667
393
473
976
702
13
554
609
147
100
798
620
413
32
576
816
609
254
627
492
822
724
706
871
364
16
732
323
775
423
238
146
995
949
387
791
150
673
93
872
915
620
515
19
227
925
961
937
993
327
842
996
897
649
73
878
211
2
563
59
181
83
484
157
959
448
4
331
378
887
388
370
666
689
19
595
775
533
654
543
669
346
499
823
850
124
509
655
196
706
576
376
885
165
442
425
705
602
398
212
129
358
538
506
553
246
447
71
823
767
239
701
27
429
681
186
242
403
181
265
888
485
362
957
142
927
245
593
347
404
113
947
186
611
997
341
547
579
387
903
984
607
458
144
922
202
102
779
157
513
712
377
867
90
827
496
177
106
441
859
210
127
280
129
890
642
125
36
830
456
53
431
838
520
880
438
103
653
647
377
944
552
966
680
800
740
219
755
119
280
515
807
808
478
333
215
961
513
755
172
500
814
165
892
296
200
828
455
754
8
419
88
95
788
274
157
562
909
850
717
901
470
357
56
46
837
338
523
857
632
136
271
999
701
497
581
962
720
281
971
115
358
798
790
277
353
177
237
510
214
261
869
947
923
901
274
146
286
401
958
819
545
905
489
262
965
269
273
818
838
542
313
924
171
885
674
971
781
498
133
768
777
638
511
851
301
250
698
461
365
678
427
345
828
708
765
27
712
856
119
533
810
342
997
309
538
376
660
178
199
179
667
735
322
194
650
146
477
467
75
597
90
806
586
16
841
87
281
983
18
94
656
477
28
769
338
781
344
195
246
65
111
606
613
734
427
546
137
537
328
342
221
394
275
987
523
83
475
657
435
663
258
932
647
717
932
707
608
623
610
713
784
800
727
186
111
526
953
577
748
811
99
614
476
645
324
503
856
701
810
998
985
428
521
160
917
877
234
545
371
148
782
488
675
188
508
454
346
516
544
3
782
18
555
503
108
449
656
619
620
330
695
915
328
665
620
92
265
711
384
712
779
962
401
642
613
5
125
405
67
347
270
690
885
717
560
99
296
735
703
132
24
338
264
751
719
675
23
735
43
654
601
144
992
178
219
658
502
107
257
428
235
385
898
768
909
822
569
759
238
516
998
742
716
689
950
152
10
733
387
876
239
503
488
537
759
714
993
186
502
49
759
399
538
543
869
420
674
736
486
218
492
755
938
517
241
968
849
745
80
791
969
470
233
826
138
150
913
72
822
554
164
400
46
405
293
591
703
105
288
367
737
227
7
231
499
424
237
326
161
164
830
233
910
525
69
259
470
31
406
436
317
806
75
942
987
540
101
176
337
137
660
893
384
580
891
572
237
66
187
405
536
261
275
233
629
198
717
787
800
295
664
84
493
738
387
548
921
828
830
845
847
619
341
758
26
624
347
258
274
557
570
859
787
893
110
352
429
926
35
490
241
460
366
105
883
48
332
124
248
86
934
748
140
246
643
653
557
419
395
652
455
570
471
737
479
150
241
736
430
588
747
873
606
856
327
931
840
866
334
4
765
893
435
953
632
584
463
794
593
337
985
749
778
180
498
168
692
759
297
543
519
749
860
871
426
159
996
815
925
849
347
676
542
565
44
84
851
998
620
193
756
760
255
706
132
110
310
373
197
641
207
526
849
386
839
877
563
691
113
497
796
481
842
333
559
397
628
858
55
750
188
836
156
155
200
565
373
95
328
670
995
140
321
543
617
431
817
528
11
974
718
834
637
3
726
403
291
597
631
589
679
913
53
714
886
353
399
829
390
499
901
640
399
440
474
952
5
161
920
874
101
982
598
483
51
781
126
627
459
216
581
698
630
572
190
816
612
880
394
94
874
123
539
4
614
491
855
793
26
608
714
28
614
742
487
344
781
161
390
11
765
529
399
287
939
247
106
864
334
635
184
562
93
785
150
414
339
128
811
841
208
156
395
789
522
628
718
156
298
903
922
670
914
767
902
673
600
27
122
910
132
962
523
285
215
997
395
52
3
662
418
884
744
14
756
988
715
22
668
974
397
504
650
864
138
688
435
332
258
263
319
842
562
740
553
865
0
297
37
912
549
509
198
166
871
177
264
598
90
956
336
163
641
398
834
410
455
478
753
98
43
293
929
28
148
867
403
541
978
16
109
623
284
736
72
15
353
46
222
781
754
930
248
206
733
788
457
499
451
247
962
663
791
738
15
687
6
190
273
565
209
131
829
19
85
811
597
339
317
904
959
936
740
27
149
959
891
440
965
553
326
143
461
617
801
582
580
69
923
622
482
549
915
18
870
970
863
541
43
804
695
124
738
599
64
931
888
105
123
174
673
373
580
304
486
9
238
537
516
492
94
754
551
703
801
927
146
235
280
412
686
740
603
44
945
678
326
744
611
810
964
323
880
754
963
499
162
695
537
230
460
957
256
859
718
651
729
358
975
709
622
71
169
623
106
756
52
565
217
273
128
973
16
281
882
104
728
919
351
805
825
118
454
52
553
213
367
254
224
870
306
241
913
364
659
879
383
743
723
209
577
712
106
409
41
299
209
523
113
225
887
99
714
960
997
625
683
452
483
783
295
340
983
52
928
806
156
976
289
340
201
719
535
833
22
658
633
253
276
52
914
814
499
431
776
929
847
563
974
231
278
547
276
72
433
771
628
413
117
160
19
768
843
947
59
398
967
211
8
985
955
867
655
280
715
481
126
22
348
973
333
323
580
989
939
621
542
853
457
110
615
735
424
498
940
905
199
251
118
46
993
780
186
263
507
252
924
664
536
3
935
511
80
73
828
347
708
644
472
665
315
876
374
902
794
238
426
664
661
468
861
259
373
9
534
649
464
325
768
552
855
572
590
713
214
556
11
733
844
297
303
373
798
579
321
585
222
325
454
82
341
225
14
963
884
408
91
427
174
600
44
324
450
69
206
322
813
484
832
774
749
288
48
160
677
25
709
562
392
962
678
765
362
514
854
764
960
183
352
207
817
60
145
267
150
599
956
287
72
828
781
420
791
585
443
220
547
34
314
669
126
25
960
1
856
613
158
1
809
627
283
182
80
120
205
666
756
764
176
792
393
875
394
980
101
891
781
968
627
899
684
459
745
658
849
91
372
479
506
183
692
254
405
129
373
966
843
786
350
355
129
334
455
969
651
768
522
35
480
194
952
633
428
10
867
722
454
946
236
671
685
940
510
948
791
157
426
845
563
699
104
381
291
890
570
578
47
880
978
264
820
26
114
340
36
404
316
688
728
296
541
13
264
657
212
136
903
605
839
638
16
302
92
721
877
33
552
70
816
450
14
474
685
944
558
891
146
99
61
518
936
54
446
305
782
280
839
97
354
895
742
372
817
989
767
654
994
101
10
406
860
570
395
361
373
536
340
856
651
270
616
897
550
766
731
472
490
163
756
453
767
904
637
43
56
595
793
485
10
827
371
655
832
257
258
675
760
265
294
432
226
183
218
632
655
741
32
803
73
768
392
445
508
291
343
595
606
193
154
214
995
760
129
574
100
725
379
629
665
762
800
124
601
523
867
419
93
163
730
515
142
316
971
260
334
831
646
697
620
798
680
895
593
823
892
563
114
404
958
361
931
66
497
122
84
178
444
18
800
463
771
878
674
647
994
3
775
791
269
632
118
351
986
209
835
942
517
114
969
158
571
577
582
334
717
823
301
738
947
895
560
996
924
61
857
985
687
877
549
969
478
262
72
201
232
0
502
85
264
348
840
602
38
846
656
466
620
102
122
941
440
877
757
973
603
990
495
367
169
902
841
370
230
38
645
695
352
950
92
215
662
294
268
643
204
839
588
498
675
902
30
843
324
854
199
188
573
846
5
963
632
80
588
638
52
932
329
203
643
780
875
256
263
353
493
740
13
393
300
837
135
979
971
872
111
114
462
626
492
890
673
478
356
861
870
109
710
956
260
374
864
260
419
551
716
857
327
693
733
712
126
895
366
232
802
91
453
216
101
920
38
755
875
509
555
908
120
164
855
241
230
98
785
742
271
540
420
740
623
356
161
289
633
507
209
478
466
84
221
203
270
669
412
294
848
868
614
434
515
973
968
998
651
828
414
841
205
318
857
897
798
697
604
610
772
232
575
637
539
967
769
150
92
15
188
746
38
564
731
455
439
194
544
516
446
495
554
491
395
825
271
323
643
122
665
900
79
534
424
320
229
309
150
344
695
535
553
76
669
499
542
467
746
714
883
169
363
747
194
91
484
582
530
115
213
176
866
988
385
119
843
890
818
755
12
190
132
545
667
710
903
798
125
599
260
163
243
596
685
872
544
921
918
457
955
9
949
537
950
402
71
239
924
996
140
847
683
374
894
810
928
318
621
40
884
646
88
603
370
948
401
553
136
133
889
196
866
309
613
966
938
147
768
496
825
264
615
327
49
422
66
895
389
886
294
456
540
743
745
873
160
489
920
994
594
593
201
920
413
731
76
206
182
576
483
131
366
713
872
392
64
301
984
239
880
808
254
566
225
387
730
583
436
61
445
209
477
905
818
563
635
966
743
379
122
7
209
194
191
138
757
346
14
198
823
526
807
278
844
191
338
383
331
824
610
777
963
435
109
91
382
365
751
314
182
777
425
35
607
851
830
52
301
388
259
246
358
905
609
142
976
302
589
808
524
98
664
724
797
287
540
740
557
438
245
460
121
276
274
152
876
542
377
798
747
7
449
913
993
508
654
126
713
34
371
932
796
62
35
875
523
617
841
749
816
914
961
266
127
10
810
588
498
914
312
189
980
904
102
893
784
639
239
385
175
740
603
484
820
522
754
449
993
387
3
63
200
198
148
514
338
353
457
797
243
910
997
992
818
824
263
637
969
264
158
275
18
774
287
144
959
269
108
374
663
930
275
926
723
727
316
314
313
222
201
822
76
99
174
776
280
997
85
925
176
830
978
473
590
215
259
3
969
200
839
201
467
315
964
885
804
465
327
542
800
103
84
625
242
402
38
185
634
664
611
53
80
414
37
686
525
122
182
632
138
751
74
603
853
128
467
867
837
545
311
73
514
97
6
605
413
852
138
182
210
522
156
6
312
92
198
633
840
672
418
534
722
911
135
835
801
332
127
961
306
259
518
323
604
645
413
441
603
933
862
961
479
171
950
903
486
334
257
158
215
63
453
588
767
508
967
527
357
51
512
428
889
563
515
681
727
930
444
371
818
66
961
544
618
553
658
456
206
281
175
158
381
883
789
649
309
528
846
331
677
904
499
61
35
320
355
433
143
534
271
331
548
84
360
321
364
42
631
521
372
163
95
183
674
832
493
43
635
771
859
569
590
127
130
240
509
724
30
234
459
937
996
140
772
629
659
779
858
993
570
161
116
964
651
705
779
942
911
152
892
694
613
817
937
167
719
88
597
118
682
3
117
723
203
401
534
88
218
802
48
642
178
502
233
736
768
147
268
533
626
297
34
630
662
969
910
569
425
149
597
23
817
494
108
455
615
259
803
786
454
317
151
560
760
615
737
858
117
894
700
204
343
833
291
184
681
361
268
946
622
343
595
700
120
540
999
125
672
500
132
683
497
314
974
9
839
461
324
805
834
272
88
383
8
702
206
786
757
670
77
92
646
717
196
4
713
353
289
22
106
737
128
411
140
448
754
896
819
985
659
513
406
873
320
953
267
543
321
427
986
439
588
937
465
861
234
452
909
244
173
650
783
229
231
40
346
421
506
413
390
396
515
657
913
560
85
502
779
428
520
151
472
396
957
616
740
70
578
598
755
730
46
422
660
416
65
623
232
987
841
943
506
993
613
109
742
258
653
48
46
599
168
654
970
62
334
450
418
851
624
135
731
295
709
420
647
975
510
910
958
867
949
214
911
648
871
398
471
72
716
917
985
112
835
714
49
304
645
891
370
757
112
859
635
269
536
445
454
458
312
94
743
651
47
255
803
185
981
271
317
970
43
612
978
780
628
826
468
548
906
893
807
176
28
460
547
861
641
860
962
524
372
254
156
609
704
533
680
610
72
414
96
646
865
102
893
462
579
819
453
335
185
383
78
49
214
217
633
712
194
618
788
130
303
741
96
392
721
918
471
650
874
846
167
704
226
267
416
319
393
906
403
468
928
589
358
612
406
738
898
55
613
801
560
137
967
988
90
451
758
742
566
676
428
211
89
102
578
938
787
786
604
689
973
359
640
482
79
217
181
321
691
24
209
624
101
256
247
795
684
658
630
197
647
267
85
417
149
477
286
949
911
429
273
770
622
592
791
163
412
544
431
14
509
636
196
97
769
691
629
778
444
10
877
551
823
936
313
415
862
869
237
107
36
519
827
604
129
736
93
772
93
208
240
682
125
673
538
557
813
913
938
259
914
751
221
923
99
433
893
272
726
204
163
837
830
4
27
876
373
76
159
884
764
437
298
476
333
542
847
831
918
665
312
926
547
227
434
975
149
616
188
609
676
105
720
32
399
608
418
652
744
428
397
623
256
24
911
163
862
757
954
103
770
499
190
28
164
858
709
29
415
817
306
552
792
493
680
657
245
221
140
29
522
670
338
862
799
649
442
502
963
245
324
476
755
944
159
124
350
364
428
315
838
488
178
939
331
840
526
816
438
324
907
238
665
585
560
890
390
193
363
22
395
423
996
887
311
808
3
231
200
910
588
160
958
528
673
643
902
885
199
630
33
369
570
912
521
271
56
23
598
853
5
288
680
482
609
679
495
550
428
478
950
496
340
679
758
945
211
869
623
788
122
590
877
82
266
224
230
794
833
757
358
666
868
691
44
270
278
561
961
434
909
10
479
111
165
737
761
468
549
914
275
497
969
589
894
685
638
165
454
843
607
175
185
817
701
31
717
612
817
490
858
143
212
845
616
430
401
173
431
487
590
607
212
143
699
733
653
795
728
420
307
682
130
612
515
231
442
316
856
672
660
313
537
345
12
557
541
352
799
170
723
81
865
615
809
417
985
687
988
606
153
134
22
351
640
596
187
819
876
6
246
956
343
510
68
507
612
187
559
518
625
648
973
655
529
53
432
805
385
889
8
729
999
715
0
72
134
727
156
978
225
163
298
436
221
503
680
610
246
540
483
162
530
27
64
399
670
938
958
626
268
241
803
853
862
622
367
277
92
25
386
132
887
361
357
430
480
929
146
732
121
246
300
106
693
494
936
466
720
561
506
244
704
716
571
1000
688
754
812
630
227
90
382
371
327
293
651
417
944
665
852
303
245
128
228
332
761
905
189
223
690
897
8
718
786
804
22
177
446
299
255
399
947
895
957
656
725
988
12
612
34
352
615
49
860
296
855
18
698
989
100
271
312
837
772
720
846
820
490
242
874
800
812
59
599
718
382
682
218
836
575
428
293
843
689
556
174
227
236
919
639
928
655
108
335
673
691
110
421
936
825
747
823
982
634
633
562
416
264
824
451
943
186
88
470
170
891
45
71
263
990
309
16
314
168
220
549
797
137
696
223
9
527
39
223
710
791
535
586
526
842
965
420
140
945
174
326
56
613
582
770
956
8
316
777
25
407
359
398
541
865
512
169
694
293
673
638
836
307
940
322
152
470
914
325
67
544
127
188
295
628
790
349
615
720
274
768
894
626
226
830
17
518
427
296
695
90
498
275
55
566
861
611
862
299
996
684
967
907
85
393
152
236
560
70
868
415
645
997
497