926
76
892
12
665
172
203
639
923
163
55
237
101
299
861
741
923
989
390
814
438
809
30
400
75
683
426
445
252
11
822
725
46
630
316
846
187
962
874
534
484
457
285
953
35
125
506
558
163
219
103
715
260
284
85
670
597
251
857
279
547
358
599
103
489
1000
910
194
288
653
987
759
121
715
673
28
848
434
568
572
931
698
491
125
730
835
621
703
906
876
173
359
507
812
776
316
759
538
940
485
673
735
127
981
265
917
565
684
185
717
265
618
974
939
597
832
282
336
8
659
444
897
986
298
474
778
228
849
496
329
493
998
806
499
608
804
551
680
397
885
779
943
889
132
84
128
144
262
645
858
772
78
613
930
924
809
418
480
778
391
713
688
589
102
920
124
851
640
508
631
339
186
581
713
304
979
322
747
156
940
488
349
548
385
705
996
115
674
655
886
510
353
962
827
729
290
627
527
477
614
993
460
648
733
990
128
305
534
749
954
786
537
971
72
833
899
726
567
49
362
941
698
536
932
444
635
600
249
403
749
535
777
812
193
833
438
501
942
897
52
661
941
740
691
224
563
153
298
846
938
605
549
626
423
358
808
557
347
646
335
514
668
45
765
338
921
869
408
392
132
431
165
453
554
432
228
182
168
818
809
250
458
824
385
198
236
112
177
506
159
807
558
569
302
33
26
887
278
452
513
949
945
562
986
185
633
753
179
933
29
596
238
664
295
545
220
561
159
537
676
141
135
299
774
950
740
928
394
94
921
288
841
16
60
351
293
226
246
453
206
550
232
439
854
971
446
223
350
472
728
511
370
367
106
717
488
919
303
955
125
777
769
386
994
970
709
388
727
6
41
935
592
738
184
807
594
567
218
867
977
5
602
449
910
50
79
243
884
789
120
380
102
478
232
346
793
197
223
376
587
225
174
4
174
787
79
612
764
811
89
408
258
955
920
106
615
103
227
247
658
348
240
315
88
189
612
614
632
166
693
742
396
346
885
256
254
10
138
412
724
604
278
562
321
512
229
759
183
515
837
565
345
390
32
243
642
320
814
229
869
748
793
579
559
982
292
736
486
380
801
224
931
197
996
975
800
571
891
90
914
742
406
624
962
526
399
710
6
538
443
155
731
214
11
238
356
324
617
99
154
110
549
150
205
601
638
594
17
478
547
998
966
34
840
563
240
824
672
193
613
918
146
362
580
714
788
487
950
346
475
723
611
842
127
463
939
129
846
480
689
552
797
323
39
653
560
855
398
454
598
486
525
305
675
850
461
492
85
683
441
901
523
275
792
834
331
464
314
602
545
618
920
528
394
615
648
471
718
908
47
342
116
317
166
787
567
593
396
365
602
747
859
154
180
309
667
597
640
323
989
898
93
969
205
951
537
165
712
252
571
264
316
692
611
832
178
870
424
769
379
116
966
620
824
313
858
245
656
795
486
241
717
229
509
761
795
748
697
929
303
353
236
474
36
294
610
842
61
766
215
739
612
112
607
36
304
166
204
358
862
761
80
547
195
622
608
31
240
66
374
84
797
374
510
204
849
126
480
715
556
546
30
152
643
818
853
244
278
595
145
308
72
547
384
740
66
428
110
288
8
787
202
661
842
126
943
227
546
869
306
365
761
509
629
404
16
97
499
998
310
67
159
23
146
807
748
437
763
844
828
836
18
373
833
801
833
679
689
896
466
733
685
613
832
472
767
744
596
138
459
693
564
44
692
354
476
497
648
797
83
997
572
967
653
938
304
225
19
713
110
519
703
818
780
705
887
314
846
14
234
324
670
268
14
4
521
323
351
667
481
81
31
76
367
150
413
876
349
939
613
302
472
686
961
971
804
976
264
595
294
420
237
933
873
988
831
139
19
938
22
963
86
18
225
660
0
330
517
784
179
814
151
983
812
1
604
165
663
436
27
344
169
976
851
827
927
297
426
8
837
179
496
656
702
997
54
437
743
333
288
400
794
734
249
273
490
524
403
786
85
829
404
218
592
731
612
736
673
190
397
320
713
523
98
95
412
57
435
358
659
580
969
313
319
206
840
191
582
530
514
996
957
539
851
320
202
851
573
306
331
648
861
243
312
902
321
632
883
779
104
500
634
232
745
464
299
187
869
570
509
334
624
802
507
116
346
717
476
608
558
753
814
412
683
918
823
130
790
73
690
298
292
231
842
464
264
444
991
745
737
139
97
133
773
923
267
366
431
321
679
232
788
437
566
721
119
136
635
117
394
64
722
541
565
107
50
987
186
704
445
209
753
532
553
355
693
656
934
21
64
792
516
563
102
982
205
416
138
243
363
516
987
939
316
398
380
346
379
75
17
667
894
313
974
403
508
319
942
867
162
610
737
82
670
391
382
350
389
238
990
99
408
121
482
426
783
49
724
550
947
382
231
790
581
618
318
582
459
753
955
953
748
921
608
875
991
528
107
741
484
135
546
334
561
465
178
755
337
743
443
776
140
626
894
776
576
915
45
46
936
794
318
346
935
982
304
262
428
114
711
392
800
979
232
40
511
846
16
579
109
968
491
273
776
565
534
22
977
454
198
234
318
105
583
251
104
384
132
10
837
243
248
130
776
680
414
167
956
958
762
525
660
320
89
689
966
852
799
978
956
478
147
604
666
900
106
871
383
410
94
58
986
686
709
824
511
374
35
18
32
966
810
7
71
868
640
684
257
734
39
176
85
929
60
387
131
897
393
420
420
566
979
188
582
333
43
173
675
752
369
914
357
809
552
959
503
610
520
347
338
622
705
926
178
992
1
572
398
975
210
787
345
758
105
195
232
34
394
277
8
41
546
796
575
228
874
908
442
297
174
517
955
562
273
440
476
318
109
162
233
542
216
23
192
529
419
484
468
776
159
118
396
467
678
684
152
653
600
338
380
637
209
730
854
190
45
376
100
558
773
945
587
851
338
998
707
888
29
664
435
432
571
152
504
754
195
466
573
536
106
874
633
227
369
233
829
346
964
962
497
934
153
478
186
257
334
944
704
62
406
177
459
926
147
817
371
914
527
51
910
893
108
727
417
136
609
908
175
781
166
156
68
534
292
93
346
745
301
703
574
459
97
403
767
467
380
409
79
514
261
354
883
720
134
356
939
11
598
586
326
28
50
437
649
790
252
842
132
293
676
770
454
950
672
701
904
24
429
102
556
426
195
253
329
87
892
130
367
193
997
480
830
230
586
738
790
549
771
41
206
347
56
980
250
612
162
444
137
230
622
288
508
443
222
979
695
246
619
564
46
155
768
316
89
96
241
214
508
371
448
597
379
696
264
27
261
29
289
614
508
303
698
713
362
552
839
530
857
639
408
618
832
162
956
764
771
622
147
972
794
571
40
453
284
378
233
777
727
588
192
483
5
846
318
544
841
170
932
976
675
494
662
57
968
947
687
186
175
205
643
704
8
203
405
504
926
796
484
348
955
321
990
777
124
953
475
329
72
507
827
170
551
79
363
724
304
5
827
90
845
120
57
292
852
353
120
335
582
729
731
718
555
619
860
52
838
165
614
58
268
286
741
356
981
996
18
387
491
487
867
903
927
46
124
410
530
24
201
459
533
870
209
926
331
890
618
197
615
621
584
284
782
662
374
533
369
200
199
737
250
809
219
682
138
906
202
222
543
117
182
84
345
759
745
46
178
880
575
298
273
629
849
409
978
136
104
628
478
89
841
536
827
740
216
318
714
229
772
359
633
468
726
347
595
548
509
31
59
777
732
978
288
767
581
220
893
399
881
680
513
413
489
846
121
745
296
89
922
502
949
664
949
500
423
260
804
528
269
609
179
619
139
945
456
707
429
127
274
405
846
86
424
780
944
208
130
876
264
144
964
564
486
1
659
947
991
462
419
467
845
495
995
650
234
488
309
34
970
139
545
787
111
786
209
836
191
58
651
285
172
657
192
561
993
74
110
716
554
306
634
582
375
347
600
633
542
399
57
915
259
776
590
142
753
62
351
675
8
671
246
744
782
448
884
83
104
199
455
845
310
803
375
653
394
499
890
443
19
479
880
583
557
835
58
531
678
441
960
736
361
904
142
793
479
860
546
650
169
445
826
954
848
303
22
533
360
249
643
533
82
666
309
349
353
649
943
651
447
268
917
316
84
392
43
589
860
275
876
834
433
631
441
948
31
740
200
810
557
787
450
668
672
715
807
438
381
892
310
765
471
866
525
371
999
16
613
427
439
915
285
323
914
48
977
760
980
346
479
341
12
571
584
827
313
246
903
199
848
350
378
62
32
336
332
610
883
56
425
877
726
680
69
72
240
255
975
695
387
33
198
987
11
234
241
924
194
409
973
504
584
761
43
242
515
501
335
277
513
71
505
666
307
933
709
100
588
418
115
609
732
359
953
349
262
774
219
735
44
709
248
241
900
549
527
192
226
846
648
72
54
642
457
904
678
399
672
750
243
996
728
143
393
398
302
386
331
877
614
347
659
308
381
966
55
191
145
788
640
95
798
805
785
525
280
102
123
839
204
544
445
0
416
683
42
482
940
670
607
360
36
153
550
331
781
66
498
650
75
917
286
920
189
249
275
740
619
70
27
161
633
113
581
781
348
239
495
776
743
183
114
63
995
723
639
858
221
59
899
542
421
198
885
123
575
254
674
836
227
188
828
815
477
394
54
280
413
567
634
609
397
959
98
658
292
431
663
637
542
629
27
610
381
36
814
676
268
945
768
685
605
748
974
301
212
460
127
479
792
134
893
629
589
487
806
930
553
724
233
413
131
950
708
175
640
515
608
695
419
731
194
215
869
254
1000
64
21
821
959
511
868
27
416
27
383
243
376
33
845
766
86
495
47
390
209
677
717
538
993
548
802
487
72
628
13
775
795
296
513
729
37
106
869
128
229
817
959
942
304
971
563
553
584
548
478
573
837
288
711
733
654
855
578
858
485
154
296
549
609
390
692
633
922
451
335
111
887
903
81
892
439
463
871
311
129
718
653
302
69
219
297
920
43
29
924
832
580
445
799
853
642
529
771
685
680
15
432
401
893
552
446
861
720
987
373
801
738
844
469
384
409
282
196
340
728
89
326
672
0
494
626
95
246
382
557
236
760
440
920
45
943
828
471
580
651
929
921
704
685
47
507
106
188
425
579
407
880
507
270
689
679
815
264
848
176
422
549
977
705
276
809
606
791
487
190
111
809
62
288
199
677
808
835
883
411
528
146
61
756
602
655
312
261
74
756
338
156
448
214
431
514
649
542
652
499
79
924
324
979
110
169
166
442
769
205
113
520
758
832
39
167
480
423
480
541
513
314
947
118
631
909
428
703
749
185
425
54
858
204
954
49
207
77
252
82
30
207
823
271
156
989
574
580
236
995
406
934
691
177
624
152
47
952
328
722
704
529
883
128
215
824
644
993
784
11
793
362
141
121
171
871
71
404
894
876
559
521
728
300
363
430
23
575
359
67
118
499
17
591
497
332
107
452
482
538
86
400
695
444
942
218
978
883
926
107
879
43
792
901
57
473
63
89
42
591
718
163
532
158
97
418
526
106
997
523
381
352
842
123
934
242
234
614
929
659
138
624
350
682
389
561
732
396
298
872
844
965
226
671
355
450
297
863
770
572
588
461
489
657
299
866
239
39
676
871
560
497
321
878
855
828
107
979
984
72
555
321
265
461
546
305
108
987
39
698
20
524
5
972
177
87
66
955
276
901
831
680
165
787
699
486
719
348
268
961
132
469
693
156
906
115
598
492
530
82
842
282
223
229
528
938
723
351
362
840
515
849
956
516
435
384
916
926
611
478
261
869
188
249
822
892
489
547
722
917
28
117
249
141
422
483
381
760
156
338
93
950
60
618
832
176
227
253
911
329
252
224
17
885
896
973
947
342
196
846
379
735
417
492
523
789
435
242
731
202
887
632
219
972
910
745
23
333
521
856
202
435
957
161
583
244
690
132
561
343
590
140
737
352
208
826
212
546
98
508
141
88
77
585
911
715
456
788
739
401
485
240
93
334
285
795
648
558
897
397
840
887
344
354
598
197
71
926
495
594
321
53
602
764
126
288
73
174
708
4
173
790
490
838
177
47
138
262
744
482
990
458
851
249
40
210
66
581
138
490
665
59
198
475
320
252
874
570
0
767
820
908
884
574
699
597
554
730
585
277
481
953
237
319
304
548
1
633
615
255
867
793
782
99
137
350
51
26
251
939
77
384
368
316
530
771
843
369
134
518
466
733
14
906
304
476
202
124
618
947
470
508
891
53
15
493
591
324
672
853
681
143
138
73
294
137
293
219
713
727
625
301
35
512
904
41
835
349
883
41
231
358
847
587
833
72
248
932
55
90
510
424
424
803
918
948
118
4
482
757
765
974
0
498
689
394
948
225
540
293
111
488
605
829
662
625
650
923
53
52
857
843
915
471
509
455
365
780
282
914
935
457
55
800
403
509
675
469
246
164
35
971
911
926
480
64
67
795
501
267
972
529
792
520
559
67
292
44
992
116
86
164
628
596
580
107
786
121
709
924
797
243
992
794
876
998
713
333
86
983
242
731
141
214
140
145
954
920
395
494
131
458
521
734
152
265
169
756
300
924
312
100
274
777
799
334
368
975
455
742
614
704
490
24
943
575
84
818
139
172
122
124
368
105
831
193
154
407
843
742
174
10
205
791
794
676
180
653
840
292
867
555
146
546
875
521
771
464
780
991
911
500
51
692
628
463
894
309
131
33
793
235
671
637
593
893
506
496
472
557
129
324
187
479
523
503
946
857
580
308
591
253
207
608
980
755
181
745
999
897
669
16
966
669
121
587
19
440
221
12
175
199
400
913
13
428
223
859
171
203
99
328
237
203
401
10
237
115
208
695
915
392
422
796
817
100
303
984
271
478
296
256
911
808
848
661
84
662
924
304
302
5
6
952
624
124
961
39
630
695
355
272
989
541
587
818
388
368
51
327
751
787
324
48
34
92
699
426
680
266
430
616
810
625
441
512
191
594
740
758
457
655
570
897
603
661
695
490
800
411
797
593
773
513
549
367
396
105
207
937
572
824
578
982
939
548
957
1000
348
178
724
770
804
86
791
34
497
518
481
179
58
971
462
556
522
808
73
466
493
531
369
841
964
69
410
797
890
873
93
662
889
854
625
767
387
297
742
505
67
676
845
261
57
178
228
127
958
619
596
872
494
106
196
548
838
843
990
151
261
551
169
280
4
735
275
204
214
545
236
146
538
429
542
8
654
788
550
763
694
861
260
74
987
716
861
573
45
694
622
922
894
418
505
504
812
381
867
901
949
869
741
884
750
620
105
312
270
206
509
332
217
974
999
955
483
49
902
975
710
137
981
31
362
623
359
365
565
573
752
123
379
147
288
243
921
565
170
655
974
77
234
270
166
112
50
148
385
734
531
805
613
1000
732
841
506
459
823
778
812
903
991
749
898
468
938
609
308
679
569
256
17
231
447
724
737
701
840
958
229
229
525
528
670
577
892
914
937
711
222
174
809
325
494
545
356
116
745
694
140
656
278
550
607
831
129
775
756
767
957
839
210
380
794
83
409
505
626
719
820
66
917
670
137
673
365
758
849
886
402
810
4
421
120
57
429
60
608
882
531
434
908
224
533
666
36
754
641
30
703
584
540
87
102
1000
254
990
796
86
761
981
844
144
493
223
574
386
652
381
66
553
554
57
234
835
115
564
726
416
104
637
539
180
700
509
810
410
695
293
507
556
318
491
162
805
457
658
889
348
733
470
355
437
621
938
581
732
630
312
608
653
902
935
758
652
617
533
665
620
533
722
224
394
189
98
796
970
997
346
355
922
292
994
615
158
975
775
538
309
349
920
110
857
417
223
812
340
710
202
51
537
541
498
69
229
839
90
215
988
998
269
941
199
372
179
12
695
248
449
356
848
469
803
59
154
658
860
324
311
814
795
36
816
132
14
600
766
725
589
848
207
84
338
615
422
833
214
246
679
58
976
212
510
453
926
536
217
613
87
808
820
187
120
304
675
62
582
58
876
151
141
925
485
334
781
770
231
390
35
74
461
90
890
524
628
377
796
582
243
102
912
362
892
836
62
472
70
936
862
57
569
800
74
749
860
921
955
428
852
272
87
129
685
257
291
486
857
658
741
511
967
620
645
393
955
37
69
19
532
584
597
131
745
103
345
66
152
218
52
597
947
79
663
117
911
406
462
644
346
917
568
402
464
127
5
661
659
20
24
204
513
125
876
139
895
351
724
22
277
513
941
605
949
124
181
463
706
307
271
6
617
408
469
574
619
789
569
126
299
908
235
632
321
887
486
125
771
820
688
392
689
857
286
176
302
485
201
550
504
137
961
24
690
21
275
691
385
884
281
749
692
357
795
345
79
460
908
70
295
762
443
875
161
863
42
346
499
745
513
424
8
324
797
402
705
910
466
100
589
379
816
826
557
171
62
545
606
246
892
129
746
264
440
981
534
438
624
67
577
837
421
353
112
768
28
237
375
56
649
709
691
650
211
404
785
407
73
94
524
683
176
686
947
335
943
511
592
316
695
626
453
500
225
993
172
613
921
820
159
432
66
63
344
571
459
121
250
438
472
506
847
838
717
429
686
100
331
533
180
735
816
866
566
348
705
539
7
551
319
532
296
524
523
827
118
294
665
146
3
570
117
806
619
163
309
777
541
921
315
338
246
448
307
937
318
382
850
879
902
550
979
563
207
527
950
272
598
683
267
968
100
180
215
324
116
739
515
143
259
704
175
276
34
539
393
264
549
364
150
725
88
567
306
136
854
693
649
780
257
284
273
692
414
935
523
352
895
734
906
168
524
229
750
143
212
900
939
711
36
294
684
316
591
399
742
887
949
698
367
479
309
817
814
489
749
526
142
203
135
128
88
188
96
369
61
710
307
278
401
49
444
912
487
662
182
196
656
743
450
219
666
647
128
113
474
966
890
796
644
346
660
573
442
606
324
608
781
322
32
559
691
979
94
425
91
188
690
418
790
218
780
458
923
714
333
776
346
85
225
884
663
566
26
830
552
274
817
762
89
359
370
22
481
463
324
20
900
119
277
282
992
723
565
229
873
622
691
598
251
112
779
718
660
548
347
164
264